ts	sig	net	gross	reason
1753542600000	long	1.4340971677768755	7.330061167776876	TP
1753551600000	long	-0.7775062679565155	5.121993732043484	TP
1753553700000	long	-1.3487269699919757	4.549821030008025	TP
1753605600000	short	-1.317470880287547	4.584993119712453	TP
1753608900000	short	-1.5180684179238781	4.378440082076122	TP
1753610100000	short	-1.3417099997871595	4.555486000212841	TP
1753620300000	short	-0.3953258031967124	5.504583196803288	TP
1753648200000	long	3.9300043140914402	9.87363981409144	TP
1753657800000	long	6.386556727845862	12.347956227845863	TP
1753687500000	short	5.243044860622585	11.196438860622585	TP
1753689600000	short	4.7036981244112175	10.650353624411219	TP
1753699500000	short	3.9573475384237353	9.894558538423736	TP
1753702500000	short	4.205908148003385	10.142474148003386	TP
1753709100000	short	6.762386850977773	12.692852350977773	TP
1753709700000	short	11.004292527118544	16.944464527118544	TP
1753713300000	short	17.325368308293985	23.235368308293985	TP
1753723200000	short	9.196605070466397	15.088766570466397	TP
1753726800000	short	9.71033279731375	15.59033279731375	TP
1753755600000	short	9.556960289008998	15.441123789008998	TP
1753783200000	long	-16.42462158518012	-10.48673208518012	SL
1753784100000	short	5.223494426800926	11.156567926800927	TP
1753820100000	short	12.705797756144099	18.5900702561441	TP
1753838400000	short	-17.830836629788738	-11.953282629788738	SL
1753852500000	short	4.198034006639049	10.090837006639049	TP
1753878000000	short	10.319349173401715	16.208748673401715	TP
1753904400000	short	20.543029510341412	26.380029510341412	TP
1753941000000	long	-0.3893972971598325	5.527184702840168	TP
1753959300000	long	-11.922896511514566	-5.997645511514566	SL
1753960500000	long	0.18645637355090638	6.1100318735509065	TP
1753961700000	short	-12.382887788122396	-6.462279788122396	SL
1753972500000	short	-1.8066524999998839	4.097000000000117	Timeout
1753986000000	short	-25.376839738541776	-19.490731238541777	SL
1753998900000	short	12.50909581622388	18.33594381622388	TP
1754001600000	short	11.451458359511523	17.262158359511524	TP
1754002800000	short	11.8160224090477	17.6222749090477	TP
1754007300000	short	16.999929117823704	22.791974117823703	TP
1754009700000	short	24.71953193786104	30.490895437861038	TP
1754032500000	short	9.402724660966069	15.15845116096607	TP
1754034900000	short	10.860550610212737	16.61463911021274	TP
1754036100000	short	13.409098477165546	19.146368977165547	TP
1754067900000	short	22.599227472885783	28.340019972885784	TP
1754069400000	short	23.339037750179855	29.079635250179855	TP
1754070300000	short	23.953423609563654	29.680526109563655	TP
1754076600000	short	23.553671301489402	29.241744801489403	TP
1754077500000	short	-8.857246500000581	-3.1850000000005823	Timeout
1754078400000	short	-36.49559175749101	-30.82554175749101	SL
1754088900000	short	22.14621198554115	27.80326448554115	TP
1754117100000	short	2.6837042744512587	8.366944774451259	TP
1754130000000	short	2.2722636486342767	7.952264148634277	TP
1754141400000	short	2.985419904470585	8.657808904470585	TP
1754151300000	short	7.32744007093877	12.97338707093877	TP
1754177400000	short	-19.98616492190717	-14.366250421907171	SL
1754181300000	short	12.80222594664374	18.41912544664374	TP
1754195400000	long	4.419893248500165	10.087794748500166	TP
1754230200000	long	4.304493979082847	9.995926479082847	TP
1754258700000	long	3.6717305858845677	9.383040085884568	TP
1754273100000	long	6.934018207579138	12.655750707579138	TP
1754314200000	short	2.817376104888597	8.528685604888597	TP
1754334600000	long	6.254268215424437	12.002841715424438	TP
1754337900000	short	5.59205470682303	11.33174970682303	TP
1754351100000	long	2.4635004628317407	8.218797962831742	TP
1754352300000	short	3.2668099529472574	9.018988952947257	TP
1754359200000	short	3.821789543865121	9.56033954386512	TP
1754366700000	short	2.5734780612902357	8.290678061290237	TP
1754379600000	short	6.254494470638328	11.957794470638328	TP
1754396700000	short	7.029204444531317	12.755704944531317	TP
1754431500000	short	6.643871040276392	12.324771040276392	TP
1754440200000	long	2.175947217023971	7.8700902170239715	TP
1754444100000	short	5.311003408815916	10.997247908815917	TP
1754449500000	short	5.712782666012985	11.393022666012985	TP
1754451300000	short	-15.894960527759434	-10.220139027759434	SL
1754453700000	short	-4.032837000000059	1.6389999999999418	Timeout
1754469000000	long	3.406423127768676	9.104135127768677	TP
1754475300000	long	5.4035124328572275	11.101722932857228	TP
1754511000000	long	-15.298886988787682	-9.537927488787682	SL
1754515800000	long	1.3685841468833857	7.119384146883386	TP
1754521200000	long	0.9627628183915222	6.714632318391523	TP
1754525400000	short	-1.098961216770105	4.648122283229895	TP
1754527800000	short	-10.70471057380678	-4.9600010738067795	SL
1754532300000	short	2.81084435226561	8.55074435226561	TP
1754590200000	long	10.399042737562567	16.209900737562567	TP
1754633400000	short	0.2760189042049763	6.104238904204976	TP
1754642700000	short	-14.253997124900952	-8.427288124900953	SL
1754650200000	short	0.961901918482341	6.787968418482342	TP
1754695500000	long	-0.9438249143733985	4.896175085626601	TP
1754701500000	short	-1.1430903700458828	4.688909129954118	TP
1754703000000	short	-10.20089388752503	-4.372419887525029	SL
1754709000000	short	-1.6562990422631803	4.166181457736821	TP
1754740500000	long	5.455878192256962	11.311378192256962	TP
1754742600000	long	-15.7895167579101	-9.9338872579101	SL
1754745300000	short	-14.718837415129602	-8.871240915129603	SL
1754748300000	short	-14.78865319107897	-8.943917691078969	SL
1754765400000	short	-0.884881399562059	4.9491186004379415	TP
1754769300000	short	-10.752168375939588	-4.925383875939588	SL
1754775000000	short	3.080541505180805	8.907108505180805	TP
1754811300000	long	7.3961591965708315	13.281159696570832	TP
1754834400000	long	6.80348373495073	12.721664234950731	TP
1754857800000	short	-17.529873654199495	-11.611271154199494	SL
1754874900000	long	7.563186941838661	13.512286441838661	TP
1754907000000	short	7.842955102740032	13.907457602740033	TP
1754909700000	short	8.389542674248599	14.4487846742486	TP
1754910300000	short	10.969121979327547	17.021421479327547	TP
1754935800000	short	-24.27671320910419	-18.30201320910419	SL
1754949300000	short	14.604230268427026	20.539860768427026	TP
1754987700000	short	-14.041810607292124	-8.100189607292123	SL
1754990100000	short	4.803516567517455	10.740516067517456	TP
1754997300000	short	7.43194361325964	13.35286261325964	TP
1755019500000	long	13.871887269303432	19.842509769303433	TP
1755036000000	long	8.34649577026962	14.337018270269619	TP
1755044400000	long	-16.878117479532587	-10.880456479532587	SL
1755089100000	long	5.619507145357493	11.639507145357493	TP
1755092400000	long	-21.76386436784576	-15.746663367845759	SL
1755096600000	long	27.041503761858937	33.08590376185894	TP
1755121500000	long	12.153179017957855	18.273975017957856	TP
1755137400000	long	12.983945006361925	19.152361506361924	TP
1755147600000	short	6.543211373731785	12.695923373731786	TP
1755156900000	short	12.111927701428503	18.212047201428504	TP
1755174000000	short	12.092203282811724	18.140813282811724	TP
1755207900000	short	15.483849001235196	21.377494501235198	TP
1755241800000	long	5.756441849829434	11.700182849829435	TP
1755243000000	long	5.531729067836253	11.473410567836254	TP
1755270900000	short	20.51317197258232	26.389690972582322	TP
1755287700000	short	-19.953461117438284	-14.106647617438284	SL
1755324900000	short	1.5604744363640783	7.43361293636408	TP
1755338400000	short	3.345099527944253	9.216113527944254	TP
1755340800000	short	-15.676244345593744	-9.809694345593744	SL
1755382500000	short	0.009410779313818729	5.882604279313819	TP
1755414000000	long	-0.17963307513794824	5.715367424862052	TP
1755440400000	long	1.1410825832836933	7.050310083283694	TP
1755447600000	short	2.206095065235126	8.114682565235126	TP
1755457500000	short	3.869977733817417	9.755977733817417	TP
1755475500000	short	2.8581739350966995	8.7343869350967	TP
1755476400000	short	4.526105838340013	10.396847338340013	TP
1755495900000	short	8.025511240807672	13.789968740807673	TP
1755499500000	short	13.785641797503052	19.545641797503052	TP
1755509700000	short	9.06807329941985	14.812903299419851	TP
1755525600000	short	12.22545173697841	17.97751623697841	TP
1755549300000	long	7.518423103927959	13.328319603927959	TP
1755557700000	long	4.847629940434394	10.667629440434395	TP
1755561000000	short	4.711906392260727	10.524372892260727	TP
1755569400000	short	9.362445804242995	15.155778304242995	TP
1755573000000	short	9.473618326317041	15.254429326317041	TP
1755588900000	short	8.9894592257445	14.732225725744502	TP
1755611400000	short	13.570004673869118	19.33500467386912	TP
1755616800000	short	21.945133194253458	27.651334694253457	TP
1755629400000	short	11.211050696403362	16.868081196403363	TP
1755630900000	short	11.103640298447598	16.7556812984476	TP
1755646200000	short	8.539629770743275	14.194766270743276	TP
1755647400000	short	-20.462424612315743	-14.820159112315743	SL
1755654300000	short	11.326024807065043	16.972178307065043	TP
1755676200000	long	1.903752611170046	7.580927611170046	TP
1755690300000	short	7.208586537135625	12.878836037135626	TP
1755696900000	short	-22.389078803627143	-16.722689803627144	SL
1755699600000	short	20.068457580738784	25.710958080738784	TP
1755713100000	long	-28.61536680724489	-22.92709830724489	SL
1755751200000	short	-15.755755721743416	-10.062577221743414	SL
1755753300000	short	4.527284637226656	10.217587137226657	TP
1755757800000	short	-14.579879926277291	-8.89588042627729	SL
1755776400000	short	3.39589995018613	9.06456395018613	TP
1755789300000	short	17.95083781102089	23.599097311020888	TP
1755804900000	short	-19.715163999999767	-14.105999999999767	Timeout
1755834600000	long	6.125552676749754	11.774078176749754	TP
1755838500000	short	6.3482539318940425	11.990635431894043	TP
1755839700000	long	6.134233087731878	11.780450087731879	TP
1755844200000	long	7.816439944976307	13.466409444976307	TP
1755863100000	short	4.461863132727598	10.080273132727598	TP
1755864000000	short	4.0305252494919594	9.64828974949196	TP
1755866400000	short	10.031427185962801	15.645627185962804	TP
1755900600000	long	5.783973777753832	11.623179777753831	TP
1755911700000	long	4.693118798456644	10.526643798456645	TP
1755914100000	short	6.263918837194301	12.086598337194301	TP
1755921600000	short	-20.15982368770796	-14.376523687707959	SL
1755941400000	short	0.4658324721266087	6.250911472126609	TP
1755956700000	short	4.4227838461719	10.1756473461719	TP
1755962100000	short	-16.761389645172372	-11.020971145172371	SL
1756004400000	short	5.085829657027461	10.843702657027462	TP
1756007400000	short	4.503769124174906	10.259189624174907	TP
1756018500000	short	-12.69221189834143	-6.949091898341431	SL
1756032000000	short	3.835176112320216	9.578176112320216	TP
1756044900000	short	5.32942900873485	11.054361008734851	TP
1756054800000	short	5.397345328800879	11.11859232880088	TP
1756094400000	short	10.127488280479458	15.777188280479459	TP
1756129500000	short	19.29625945425228	24.857659454252282	TP
1756167900000	short	19.151879227935744	24.634879227935745	TP
1756169100000	short	26.070507383098246	31.544507383098246	TP
1756170000000	short	29.821204783040958	35.28505128304096	TP
1756192500000	short	-19.69113778836158	-14.19713778836158	SL
1756209300000	short	7.262037397193024	12.755863397193025	TP
1756216200000	short	24.171291464088533	29.665490964088534	TP
1756225200000	short	-26.8635819913687	-21.3872124913687	SL
1756255200000	long	7.709777801378377	13.288255301378378	TP
1756259100000	short	-17.68876457963268	-12.127921579632677	SL
1756275600000	short	5.8002557247067115	11.362606724706712	TP
1756333200000	short	-26.75147044102334	-21.18368094102334	SL
1756338300000	short	-19.930098899015782	-14.37085689901578	SL
1756341300000	short	12.176598048283783	17.730127548283782	TP
1756372500000	long	-15.454748074498237	-9.804497574498237	SL
1756387800000	long	7.4823073707855645	13.130456870785565	TP
1756388400000	long	9.122530189606142	14.768031689606142	TP
1756396500000	short	13.84756069444871	19.48148719444871	TP
1756433400000	short	9.082630157289032	14.665361657289033	TP
1756434000000	short	10.223991959602213	15.810117959602213	TP
1756435500000	short	9.28341224058158	14.857328740581579	TP
1756436700000	short	9.340174226565223	14.920503726565222	TP
1756443900000	short	5.206838108626968	10.779831108626968	TP
1756449600000	short	5.104682398157262	10.666966898157263	TP
1756480500000	short	24.873842950990408	30.303175950990408	TP
1756494300000	short	12.45210553004623	17.87224303004623	TP
1756498800000	short	13.535838824027685	18.936088824027685	TP
1756520700000	short	8.458181496480293	13.849407996480295	TP
1756555200000	long	1.5994639791328265	7.023167479132827	TP
1756559700000	short	4.515472471536309	9.93074447153631	TP
1756581600000	long	1.001461061526439	6.435461061526439	TP
1756612800000	long	2.1800813078415056	7.635400807841506	TP
1756618800000	short	-1.873781999999534	3.563000000000466	Timeout
1756622100000	short	2.174176085072582	7.607427585072583	TP
1756633500000	short	2.071091532544883	7.507514532544883	TP
1756637100000	short	4.487686836998198	9.912671836998198	TP
1756641900000	short	2.7809969679252404	8.202677467925241	TP
1756642500000	short	-13.735359745302487	-8.317089245302487	SL
1756677600000	long	1.3329876721504288	6.77900367215043	TP
1756679400000	long	2.7182893037465954	8.167061303746596	TP
1756687200000	short	12.609590847328636	18.017948347328637	TP
1756695600000	short	12.843000264238913	18.227334764238915	TP
1756701900000	short	-20.097125050881317	-14.729723550881317	SL
1756721400000	long	-22.050448143741363	-16.589599143741363	SL
1756737900000	long	12.717559415335087	18.164114915335087	TP
1756746900000	short	10.34265447394138	15.77571847394138	TP
1756759800000	short	9.876763557893838	15.316959057893838	TP
1756799100000	long	5.967798252387931	11.475602752387932	TP
1756809900000	long	-17.612063451784167	-12.104164451784165	SL
1756830300000	long	21.072246878091626	26.596776878091624	TP
1756850400000	long	7.4197970680238825	12.968525068023883	TP
1756852200000	long	6.899911801948923	12.449973301948923	TP
1756861500000	long	7.811861873375858	13.371799873375858	TP
1756863900000	short	-17.833585924478147	-12.285489424478147	SL
1756879800000	short	4.501034737522447	10.036035237522448	TP
1756903200000	long	8.302228449680202	13.865027449680202	TP
1756917600000	long	12.28781554317786	17.87449754317786	TP
1756935900000	short	3.2598099116760393	8.85473141167604	TP
1756943700000	short	2.154128093408243	7.739413593408244	TP
1756953000000	short	6.788674413739851	12.36888091373985	TP
1756955400000	short	-17.409923971603067	-11.835899971603068	SL
1756958700000	short	6.738948503708794	12.302575503708795	TP
1757003400000	short	10.812407712936828	16.28955521293683	TP
1757067000000	long	6.92719443724298	12.53886343724298	TP
1757070600000	long	4.850600335747602	10.459742835747603	TP
1757094600000	short	12.217070858494399	17.7463078584944	TP
1757108400000	short	15.791707431241964	21.334081931241965	TP
1757117100000	short	2.2758163793481323	7.8085803793481325	TP
1757150100000	short	-9.272765432132314	-3.7363014321323136	SL
1757172000000	short	-1.1962117275847008	4.341849772415299	TP
1757226000000	long	-8.583039017027119	-3.0544530170271176	SL
1757226900000	long	-2.410752010783952	3.115469489216048	TP
1757249100000	long	-0.3149581063841431	5.239796893615858	TP
1757266500000	short	-12.28638181253858	-6.734720812538581	SL
1757268000000	short	-11.871237677637804	-6.322738177637802	SL
1757282700000	short	0.026107632645667955	5.581838632645668	TP
1757290800000	short	4.527404660287967	10.081607160287968	TP
1757298300000	short	6.777932421486249	12.32108942148625	TP
1757339700000	long	10.166625805092174	15.761953305092176	TP
1757350800000	long	8.529427039419009	14.145476039419009	TP
1757360400000	short	3.8591992899405865	9.464946789940587	TP
1757364600000	short	1.9465445998126656	7.548546099812666	TP
1757375100000	short	-11.94610422304789	-6.343521723047889	SL
1757384700000	short	7.143485411040323	12.708546911040322	TP
1757413200000	long	2.1250059616700305	7.766857961670031	TP
1757419200000	short	3.5200075570482214	9.147948557048222	TP
1757467800000	short	6.467539204819045	12.020538704819046	TP
1757495100000	long	8.196533002978203	13.804559002978204	TP
1757504400000	long	2.8879062544822087	8.49921725448221	TP
1757520900000	long	-8.389279499999768	-2.7059999999997673	Timeout
1757525100000	long	8.41927064241207	14.093371142412071	TP
1757568000000	long	3.5939113545283323	9.293511854528333	TP
1757574000000	long	3.6774859921293874	9.381193492129388	TP
1757576700000	long	4.072586855545048	9.775989855545049	TP
1757582100000	short	1.8408459187277897	7.538491418727791	TP
1757614200000	long	5.375755508881001	11.093614508881002	TP
1757649000000	long	-17.5168875669668	-11.756128566966801	SL
1757665200000	short	2.157787430409604	7.918542930409604	TP
1757679000000	short	-13.166904305357502	-7.424095805357502	SL
1757726700000	long	2.174764763959148	7.974814763959149	TP
1757728800000	short	4.576638848936867	10.369969348936866	TP
1757762700000	long	-1.9399157566139618	3.8553437433860385	TP
1757764800000	long	-2.172936535709341	3.6226754642906602	TP
1757772900000	short	2.0606037804630315	7.854912280463032	TP
1757778000000	short	1.6607481702470794	7.44809767024708	TP
1757810700000	long	-1.9544294389032624	3.8400355610967383	TP
1757811600000	long	-10.83556346200032	-5.0423779620003195	SL
1757812500000	short	-0.5103907789666255	5.280704221033375	TP
1757823600000	short	1.0158914175650127	6.798618417565013	TP
1757848500000	long	-1.4650402110924947	4.333159788907506	TP
1757851200000	short	-0.3417809621415788	5.449770537858422	TP
1757853900000	short	-0.8838971950329952	4.904091304967006	TP
1757861400000	short	-3.045151500000815	2.720999999999185	Timeout
1757876700000	short	-1.3286754506428284	4.442634549357172	TP
1757891100000	long	3.0827585866471052	8.870258586647106	TP
1757899500000	short	6.231478774816904	11.989704274816905	TP
1757919600000	long	5.432266186865464	11.237401186865464	TP
1757924100000	short	10.470909457238143	16.254052457238142	TP
1757928000000	short	12.267462028681265	18.021422028681265	TP
1757943900000	short	-22.063695439345775	-16.335095939345774	SL
1757980800000	long	0.9976015607079249	6.761151060707926	TP
1757982900000	short	1.9953084771419611	7.753905477141962	TP
1758011400000	long	3.3668624519280517	9.146862951928052	TP
1758012600000	long	-12.7835	-7.0	Timeout
1758017700000	short	1.5625294600841366	7.338830460084137	TP
1758022200000	short	1.7883668837891857	7.559250383789186	TP
1758024300000	short	0.9160516260238714	6.6848391260238715	TP
1758032400000	short	10.587637730180534	16.345277730180534	TP
1758066000000	long	1.5767707454104531	7.411929745410453	TP
1758068400000	long	1.7580544986306448	7.591028998630645	TP
1758072600000	long	3.538590869928367	9.368046869928367	TP
1758074400000	long	2.7229354049145513	8.552100904914552	TP
1758084900000	short	-13.471066119224975	-7.655391619224975	SL
1758111000000	short	0.4465783636554903	6.263485363655491	TP
1758114900000	short	2.893308741155791	8.704234241155792	TP
1758116700000	short	6.101886667560322	11.906886667560322	TP
1758127500000	short	5.359778624142837	11.137705624142837	TP
1758191100000	long	1.8644174160677691	7.72046591606777	TP
1758233700000	short	0.9890866134052265	6.853011113405228	TP
1758253800000	short	2.894651676167336	8.742949676167337	TP
1758262500000	short	1.0710996408882023	6.913867640888203	TP
1758288300000	short	-13.783631080391958	-7.973031080391957	SL
1758312000000	short	3.4223029646549925	9.187098464654992	TP
1758334800000	short	-1.029124674012765	4.746603325987235	TP
1758342900000	short	-1.8245612518219456	3.952532748178055	TP
1758358500000	long	-1.9448601146526432	3.8402113853473567	TP
1758388200000	long	-1.8842734760459745	3.9109400239540264	TP
1758394200000	short	-9.193908692060333	-3.4067481920603315	SL
1758395100000	short	-8.90340447155919	-3.117273971559189	SL
1758411900000	short	-3.1968437516562584	2.5870382483437426	TP
1758415800000	short	-2.700382196027779	3.084274803972221	TP
1758420600000	short	-3.394908711275355	2.384328288724646	TP
1758431400000	short	-7.662586526508543	-1.8864685265085428	SL
1758447600000	short	-1.3212628099936632	4.454551690006338	TP
1758468900000	short	-1.8542011878132363	3.9227978121867637	TP
1758489000000	short	-1.2582822734263406	4.50740322657366	TP
1758490200000	short	-1.137666577410851	4.63033292258915	TP
1758493200000	short	0.24093521838154786	6.0056147183815485	TP
1758506400000	short	11.159839308723717	16.883478308723717	TP
1758561600000	short	-1.5739570000004077	4.047999999999592	Timeout
1758586200000	short	-13.505818813703883	-7.878317313703883	SL
1758590100000	short	2.9424553882296225	8.563271388229623	TP
1758593100000	short	3.585340601139677	9.204340101139678	TP
1758597300000	short	8.968561300892855	14.571256300892856	TP
1758620700000	long	3.265653195556369	8.91065319555637	TP
1758623700000	long	2.821807369208214	8.465188869208214	TP
1758626100000	short	2.7633521252101616	8.403700125210163	TP
1758644100000	short	8.170852789097946	13.807555289097946	TP
1758650700000	short	10.178496676679874	15.786730676679873	TP
1758654300000	short	8.873117389425527	14.467162889425527	TP
1758659700000	short	8.401465168579932	13.992936668579933	TP
1758684600000	short	-20.54856917391962	-14.95441967391962	SL
1758721800000	long	3.968648608339718	9.614898608339718	TP
1758741900000	long	3.6085563815062844	9.283453881506285	TP
1758760200000	short	4.0945405355797515	9.754516535579752	TP
1758762000000	short	6.712822765628573	12.369257765628573	TP
1758765600000	short	11.18865270972733	16.82955670972733	TP
1758771000000	short	11.66089057488842	17.28622957488842	TP
1758783900000	short	6.91258997454533	12.495431474545331	TP
1758799500000	short	4.905253913859528	10.482497413859528	TP
1758801600000	short	5.955096645840507	11.529063645840507	TP
1758803400000	short	11.29132004539899	16.86670804539899	TP
1758805800000	short	15.812555589604862	21.37631108960486	TP
1758843600000	short	11.618276743803195	17.072435243803195	TP
1758844500000	short	-21.860113796879297	-16.410389296879295	SL
1758865800000	short	-16.014668675838845	-10.555218675838843	SL
1758873000000	short	-19.53052487656366	-14.07592487656366	SL
1758897300000	short	18.412049122404355	23.864976622404356	TP
1758898800000	short	17.937313511747128	23.39183101174713	TP
1758913200000	long	10.289957435227123	15.766752935227125	TP
1758953100000	long	-1.2213333112434768	4.256761688756524	TP
1758955500000	short	-8.974475552399714	-3.4990750523997125	SL
1758961500000	short	-1.1605728241822968	4.307322675817704	TP
1759033800000	short	-1.9878057931481652	3.4818047068518356	TP
1759041300000	short	-2.857811269398674	2.6112387306013263	TP
1759060500000	short	-10.283687277515943	-4.815236277515942	SL
1759063800000	short	0.9316906494538051	6.397177649453806	TP
1759086600000	long	1.0166754390645405	6.522661439064541	TP
1759110300000	long	7.126441733362258	12.718429233362258	TP
1759122000000	long	1.13137975336363	6.716739253363631	TP
1759125600000	long	0.90375302246576	6.486990022465761	TP
1759128900000	long	2.0278727457561443	7.609514245756145	TP
1759130700000	short	-12.916720932431595	-7.336327932431596	SL
1759143600000	long	2.3800293371824317	7.980429337182432	TP
1759144800000	long	2.8099537932961107	8.408889793296112	TP
1759164900000	long	-19.747830764838906	-14.066523264838906	SL
1759184100000	long	1.4838244139565848	7.1881744139565855	TP
1759191300000	long	3.3398114682798425	9.045639468279843	TP
1759204200000	long	-15.124651819550582	-9.407662319550582	SL
1759206600000	short	2.3419381377745747	8.053436637774576	TP
1759208700000	short	2.3640570201786195	8.07431502017862	TP
1759212600000	short	3.05705275427509	8.75467275427509	TP
1759218600000	short	4.044400301324582	9.731405801324582	TP
1759301100000	long	5.987822963789164	11.705235963789164	TP
1759323000000	long	7.398123202706415	13.216292702706415	TP
1759349100000	long	6.6795550979015035	12.540263597901504	TP
1759380600000	long	-17.811267385156988	-11.881301385156986	SL
1759383000000	long	5.677864804073936	11.603340304073937	TP
1759390800000	long	2.8721954575146666	8.795309457514668	TP
1759391400000	long	2.507134675100829	8.43013417510083	TP
1759416000000	long	15.696020155278362	21.646019655278362	TP
1759440600000	long	9.600507206602	15.613058206602	TP
1759456800000	short	6.769393752473674	12.769393252473675	TP
1759466700000	short	3.2616941365256427	9.269868636525644	TP
1759470600000	short	2.0424367247760644	8.037136724776065	TP
1759477500000	short	2.264689884604289	8.25167488460429	TP
1759490100000	long	3.5431951828714734	9.551486682871474	TP
1759500300000	long	10.537370899631426	16.548812399631426	TP
1759513800000	long	38.75203687050953	44.83239037050953	TP
1759533000000	long	-15.842325818530188	-9.727533318530186	SL
1759537500000	long	3.091216446736545	9.199639446736546	TP
1759538400000	short	-8.887757500000582	-2.7850000000005823	Timeout
1759539000000	short	3.443347249615603	9.546052249615604	TP
1759541400000	short	3.1074011488098368	9.208858648809837	TP
1759542900000	short	4.192481633657914	10.285742133657914	TP
1759563300000	long	0.9760966533927347	7.091896153392736	TP
1759567500000	short	1.9783875474925736	8.093561547492573	TP
1759575600000	short	-0.8199680309826292	5.288679469017371	TP
1759577100000	short	0.5947165464729647	6.699454046472965	TP
1759582500000	short	-11.40436384743171	-5.30408284743171	SL
1759593600000	short	5.526995264784563	11.622958764784563	TP
1759595100000	short	-18.606098712034278	-12.520559212034279	SL
1759625400000	long	-0.7211778809512372	5.388072619048763	TP
1759650900000	long	11.630725156143953	17.866406656143955	TP
1759654500000	long	-20.98163860969354	-14.751839109693538	SL
1759683000000	short	9.67438780746491	15.82000880746491	TP
1759694400000	short	8.266081025142604	14.401203025142605	TP
1759717800000	long	16.34701660474413	22.52331560474413	TP
1759726200000	long	-19.854380547117174	-13.670590547117172	SL
1759786500000	short	12.965534462983957	19.211389962983958	TP
1759800300000	short	7.9761749090467	14.2118739090467	TP
1759825500000	short	8.346865529138496	14.528934529138496	TP
1759881600000	short	10.44022177308818	16.51961327308818	TP
1759896000000	short	8.778541282823593	14.851381782823593	TP
1759896600000	short	10.666236241311648	16.735456741311648	TP
1759902900000	short	9.088886867240921	15.157587367240922	TP
1759928700000	long	9.7240317332408	15.849799733240799	TP
1759931400000	short	-29.848830540768105	-23.736355040768103	SL
1759956300000	long	-22.641608532025508	-16.478448532025507	SL
1759968000000	long	3.0014152973549146	9.162608797354915	TP
1759995900000	short	5.032208624969537	11.129044624969538	TP
1760017200000	long	16.87972322092652	23.017523220926524	TP
1760017800000	long	19.31693072620734	25.45240522620734	TP
1760019000000	short	25.542349882176985	31.664774382176986	TP
1760060400000	long	4.449614848813575	10.527888348813576	TP
1760064300000	short	6.5753420733319885	12.63818507333199	TP
1760065800000	short	-20.19467751265912	-14.14007601265912	SL
1760082600000	short	6.453558177307462	12.509288177307463	TP
1760083200000	short	8.458843663086768	14.515207663086768	TP
1760125200000	short	30.15374524475847	35.99994324475847	TP
1760148000000	short	-58.166235795342494	-52.587770295342494	SL
1760198400000	short	10.148472126960101	15.7457696269601	TP
1760212500000	short	16.133662732398957	21.692578232398958	TP
1760217300000	short	-40.193554918884985	-34.679705418884986	SL
1760229000000	short	15.7200138308357	21.238130330835702	TP
1760232000000	short	18.65994161869829	24.157893618698292	TP
1760304600000	long	26.15941260471516	31.884262104715162	TP
1760328900000	short	-25.856922078451102	-20.118192078451102	SL
1760329800000	short	-26.44833229750626	-20.708907797506257	SL
1760346900000	short	-24.14879725511416	-18.40368025511416	SL
1760400600000	short	6.075709337230477	11.837016837230477	TP
1760418000000	short	-26.622987291348235	-20.967217791348233	SL
1760448300000	short	19.291156466859622	24.82883896685962	TP
1760449200000	short	25.33459847310116	30.86859847310116	TP
1760470500000	long	24.82869222119333	30.46380222119333	TP
1760486100000	long	-20.216654352211737	-14.565247352211736	SL
1760487900000	short	-21.210377810503957	-15.568998310503957	SL
1760489100000	long	12.481879656662365	18.124845656662366	TP
1760490600000	short	15.41981500234867	21.05616400234867	TP
1760529900000	short	12.49027474745121	18.09335124745121	TP
1760532300000	short	13.843519605554828	19.42917060555483	TP
1760535000000	short	15.821972454603452	21.403925454603453	TP
1760536200000	short	23.780524277512736	29.347815777512736	TP
1760541600000	short	-39.64262236565262	-34.09697236565262	SL
1760560500000	short	19.547324202378036	25.105537202378038	TP
1760575500000	short	-23.07238457746	-17.548986077459997	SL
1760600100000	short	13.35877611037417	18.90288461037417	TP
1760628600000	short	29.504265874651402	35.010456374651405	TP
1760676600000	long	7.918145174522938	13.35831667452294	TP
1760697300000	short	-41.85579363770717	-36.63615963770717	SL
1760706900000	short	26.956372579056435	32.22348557905644	TP
1760712000000	short	37.7665448944972	43.0268633944972	TP
1760729400000	long	17.420833001572547	22.738132501572547	TP
1760739600000	long	9.412408719296089	14.762442719296088	TP
1760740500000	long	-10.85695650000099	-5.51200000000099	Timeout
1760746800000	short	-17.448430787224332	-12.11886228722433	SL
1760755500000	short	9.6478131705182	14.9825986705182	TP
1760756400000	short	-19.86016160609543	-14.526189606095432	SL
1760821500000	long	4.139384291577636	9.486477791577636	TP
1760836500000	short	3.9563272860397785	9.30261178603978	TP
1760863800000	short	11.20346499665284	16.52668649665284	TP
1760866200000	short	10.99937353496775	16.31737303496775	TP
1760876700000	long	12.454521687618971	17.82919668761897	TP
1760879100000	long	11.070897140328888	16.44176114032889	TP
1760904600000	long	-4.462892999999709	0.9800000000002911	Timeout
1760905800000	long	-8.347999500000817	-2.9040000000008153	Timeout
1760951700000	long	12.352031147347866	17.891730647347867	TP
1760964600000	long	7.6055557177139645	13.145750717713964	TP
1760982300000	short	22.718035216015643	28.237856216015643	TP
1761036600000	short	10.310692854168188	15.695469854168188	TP
1761066900000	long	38.466947584301124	44.06273558430112	TP
1761069000000	long	-26.783366000001223	-21.181000000001223	Timeout
1761076500000	long	-29.075598293197988	-23.48657879319799	SL
1761082200000	short	25.139598934993884	30.676511434993884	TP
1761095100000	short	21.73055291214992	27.147759912149922	TP
1761103200000	short	-21.860466245185908	-16.460449745185908	SL
1761111900000	short	9.302541740456945	14.709367740456948	TP
1761117300000	short	10.130651627230275	15.523755627230276	TP
1761131400000	short	18.611714745399148	24.010037245399147	TP
1761165300000	short	14.498238472122434	19.894567472122436	TP
1761166500000	short	13.711495656687067	19.09629715668707	TP
1761219000000	long	8.968060153320028	14.430114153320028	TP
1761221100000	short	13.705573779524181	19.15309327952418	TP
1761221700000	short	13.54605777673256	18.99819777673256	TP
1761276600000	long	6.069178811922897	11.585410311922898	TP
1761277500000	long	6.063897906449414	11.580297906449415	TP
1761291300000	long	-17.001834450694467	-11.446234450694465	SL
1761292800000	long	9.033727503179357	14.576845503179356	TP
1761301200000	long	7.2280226935455625	12.782791193545563	TP
1761305700000	short	8.020984865239619	13.57059336523962	TP
1761317700000	short	-34.557915908855094	-29.04695740885509	SL
1761351000000	long	-12.683670160088372	-7.14027866008837	SL
1761385800000	long	-15.183666937815435	-9.607778437815433	SL
1761406500000	short	1.1799427107311207	6.754942710731121	TP
1761410700000	short	1.39004554511886	6.961257545118861	TP
1761424800000	short	0.3829200347207049	5.956847034720704	TP
1761426600000	short	-0.08272348246152461	5.490194517538476	TP
1761443700000	long	-13.228295547270838	-7.646074547270837	SL
1761490800000	long	-6.129702999999767	-0.4559999999997672	Timeout
1761501000000	long	3.9521180992208294	9.62670459922083	TP
1761508800000	long	-12.39805533807367	-6.721337838073669	SL
1761514200000	short	5.383408245471141	11.047668245471142	TP
1761532200000	long	9.82907642656306	15.570959426563059	TP
1761533400000	long	9.749709310653788	15.49056581065379	TP
1761556200000	short	11.416009708684165	17.172477708684166	TP
1761574800000	short	15.588066458123365	21.328155458123366	TP
1761593700000	short	10.065899880558806	15.814032880558807	TP
1761594300000	short	9.210596116400787	14.957941616400786	TP
1761594900000	short	9.043072761079804	14.790204761079805	TP
1761601500000	short	-20.148000200251015	-14.423966200251016	SL
1761619800000	short	11.969124762027484	17.664427762027483	TP
1761651900000	long	2.2420115978911026	7.962759097891103	TP
1761653400000	short	2.770246119291059	8.486286619291059	TP
1761665400000	long	-31.728118035003757	-25.980269535003757	SL
1761675600000	long	11.356133841427194	17.111133341427195	TP
1761701400000	short	9.83136214577695	15.45929414577695	TP
1761745800000	short	11.087571069895475	16.733983069895476	TP
1761746700000	short	13.161553465218745	18.798912465218745	TP
1761763500000	short	42.93148563630937	48.44531513630937	TP
1761819600000	short	12.347494047029013	17.851528547029012	TP
1761846300000	short	22.996585074928603	28.376812074928605	TP
1761850800000	short	19.76320886044973	25.11851036044973	TP
1761853200000	short	22.620290788845644	27.957433288845642	TP
1761853800000	short	23.475726784770583	28.819082784770583	TP
1761854700000	short	27.209580547427738	32.55210454742774	TP
1761894000000	long	8.792927051269775	14.268551551269775	TP
1761896400000	long	-19.681307162576253	-14.205721662576252	SL
1761908400000	long	8.990057512165464	14.475804012165463	TP
1761914400000	long	16.973622914173326	22.462032914173324	TP
1761977100000	long	4.15965845986438	9.66164245986438	TP
1761979200000	long	3.6057386026611367	9.104093102661137	TP
1761983100000	long	2.6907826280585843	8.192083128058584	TP
1761989400000	long	0.4594772869964734	5.963329786996474	TP
1762004700000	short	1.0801528959918105	6.575144395991811	TP
1762006500000	short	2.2993618511473164	7.792261351147317	TP
1762034700000	short	2.892022474102424	8.394127474102424	TP
1762076400000	long	5.211833915718225	10.743094415718225	TP
1762079100000	long	-17.01186877511629	-11.482943775116292	SL
1762111800000	short	3.028448879989395	8.534556879989395	TP
1762131900000	short	11.924275764024632	17.414165264024632	TP
1762149600000	short	14.133992593397014	19.515182093397016	TP
1762152600000	short	15.74394093733457	21.11892893733457	TP
1762159200000	short	11.72810623123349	17.08979323123349	TP
1762159800000	short	15.473238143256488	20.849893143256487	TP
1762167600000	short	16.209280426154287	21.57610942615429	TP
1762186200000	short	36.75153602138733	42.05519802138733	TP
1762203300000	short	19.596862093439448	24.929739593439447	TP
1762209000000	short	22.57354899012911	27.88775049012911	TP
1762216200000	short	17.23784611883739	22.55130011883739	TP
1762239300000	short	25.055234729915888	30.293541729915887	TP
1762244400000	short	25.293272594188625	30.512216094188627	TP
1762247700000	short	16.064263999999653	21.258999999999652	Timeout
1762267200000	short	23.90758806982342	29.104059069823418	TP
1762281600000	short	44.14432314384338	49.20762314384338	TP
1762287900000	short	42.39916471396418	47.426270713964186	TP
1762293300000	short	43.04221815311889	48.05779115311889	TP
1762307100000	short	35.871840354730246	40.86764035473025	TP
1762322700000	long	16.83474696122059	21.915783961220587	TP
1762329600000	long	12.926280544718008	18.01327154471801	TP
1762330200000	long	-22.82477232172105	-17.739443321721048	SL
1762353000000	long	19.94579841388319	25.05923941388319	TP
1762374600000	long	-25.289829714942606	-20.093653214942606	SL
1762376100000	long	-25.95359870403663	-20.76203770403663	SL
1762440000000	short	22.4779403399248	27.603785339924798	TP
1762441800000	short	-35.58104176543097	-30.46936826543097	SL
1762444200000	short	29.829741021820368	34.93683952182037	TP
1762462200000	short	22.152310445485398	27.1973299454854	TP
1762497300000	long	-19.108352971730703	-14.005235471730703	SL
1762500900000	short	-19.918092903579364	-14.828953403579362	SL
1762512900000	short	11.78672731124247	16.82526981124247	TP
1762520700000	short	19.893455642104875	24.887436642104877	TP
1762561200000	long	-21.18811215673089	-16.025387656730892	SL
1762574400000	short	9.905922516033012	15.041752516033013	TP
1762576500000	short	-19.824575925922417	-14.692826925922418	SL
1762582500000	short	10.173823689407392	15.290501689407392	TP
1762648500000	short	6.233895165976379	11.33331816597638	TP
1762650000000	short	6.65441870189505	11.74958420189505	TP
1762657500000	short	7.2951108374839615	12.378732337483962	TP
1762683600000	short	6.356628282085397	11.442390282085398	TP
1762725600000	long	10.225182390694048	15.44402939069405	TP
1762732800000	long	16.256214014832253	21.476496514832252	TP
1762776300000	short	-1.8019444999998844	3.4970000000001167	Timeout
1762778100000	short	-16.76815153930399	-11.469960039303988	SL
1762787100000	short	20.96872152897613	26.234793028976128	TP
1762788000000	short	22.355098826772117	27.62253982677212	TP
1762872900000	short	17.619042234109337	22.84705023410934	TP
1762883400000	short	16.009524114527842	21.16990611452784	TP
1762891800000	short	14.573170403057361	19.72417040305736	TP
1762893300000	short	-24.572322355473286	-19.430220355473285	SL
1762897800000	short	12.24511008587669	17.379528585876688	TP
1762953300000	long	10.154011769653966	15.388541769653967	TP
1762959600000	short	22.31410628746917	27.52520578746917	TP
1763003700000	short	18.960642358039777	24.046742358039776	TP
1763045100000	short	25.56785039190948	30.678901891909483	TP
1763051400000	short	32.21428005728314	37.28169355728314	TP
1763064300000	short	33.111210061581204	38.0366630615812	TP
1763065200000	short	-41.978714882759576	-37.064509382759574	SL
1763097300000	short	37.12261705069555	42.00675605069555	TP
1763103300000	short	36.48587718076251	41.364333680762506	TP
1763119200000	short	19.1321653852949	23.965062885294902	TP
1763121300000	short	24.752561351232963	29.56093335123296	TP
1763126700000	short	30.608308298211465	35.363307798211466	TP
1763128200000	short	32.7566156488397	37.5215156488397	TP
1763154000000	short	26.246299056976056	30.982458556976056	TP
1763188800000	long	11.043853912248235	15.849333412248235	TP
1763190000000	long	12.563850806414628	17.361713806414627	TP
1763196900000	short	14.553509269067373	19.349053269067372	TP
1763207700000	short	7.294418285381824	12.079261785381824	TP
1763240700000	short	9.706887638221238	14.482724138221238	TP
1763255100000	short	8.791110302075161	13.56069480207516	TP
1763257800000	short	13.209638001078188	17.97323300107819	TP
1763276100000	long	4.419814213219042	9.210490713219043	TP
1763277600000	long	5.083818628412381	9.87430512841238	TP
1763299800000	short	12.210878123484896	16.987058123484896	TP
1763300700000	short	13.052103507761064	17.818491507761063	TP
1763315100000	short	-28.516097378152306	-23.806896378152306	SL
1763319000000	short	-38.206336360064995	-33.500336860065	SL
1763328600000	short	17.24791540757341	21.93622940757341	TP
1763331000000	short	19.843007588939944	24.512122088939943	TP
1763352900000	long	14.663496422789994	19.410933922789994	TP
1763359800000	long	11.564552385015862	16.312521385015863	TP
1763370000000	long	10.436199206226373	15.206657206226375	TP
1763388900000	short	22.366140439138423	27.083640939138423	TP
1763396700000	short	35.37340264813718	40.04741714813718	TP
1763405100000	short	27.86361726553421	32.50638876553421	TP
1763426700000	short	20.76300247515506	25.35694497515506	TP
1763432400000	short	25.40127632223678	29.96856732223678	TP
1763436900000	short	34.243466529103046	38.77676652910304	TP
1763441700000	short	32.46458978227407	36.96868478227407	TP
1763449500000	short	21.572171867546995	26.062493367546995	TP
1763500800000	long	-23.849896745928053	-19.20559674592805	SL
1763507100000	long	12.257310104779947	16.900123604779946	TP
1763514900000	short	18.188035183883578	22.803199683883577	TP
1763577300000	short	-11.281358500000408	-6.827000000000408	Timeout
1763612100000	long	13.694820102297996	18.301784602297996	TP
1763619600000	long	10.492059021281054	15.112047521281056	TP
1763632200000	short	12.047647607217282	16.638240107217282	TP
1763648100000	short	29.363601340884717	33.922922840884716	TP
1763682000000	short	23.879536906215257	28.231660906215257	TP
1763691600000	short	24.315531329069124	28.650967829069124	TP
1763692200000	short	24.77588689343173	29.10205389343173	TP
1763700000000	short	25.522922960375524	29.816876960375524	TP
1763708400000	short	17.64230388520683	21.926541885206827	TP
1763721000000	short	-47.76278462381283	-43.64024912381283	SL
1763727000000	short	29.610870032207007	33.72641203220701	TP
1763728200000	short	42.31105080143305	46.39604230143305	TP
1763748300000	long	-52.23123709757952	-48.02494909757952	SL
1763757300000	short	32.49711689265076	36.69716789265076	TP
1763777400000	long	-26.930268624132513	-22.69406912413251	SL
1763783400000	short	13.86063580922142	18.080035309221422	TP
1763895300000	long	8.456186955723226	12.759498455723225	TP
1763895900000	short	-17.683155423557647	-13.386011423557648	SL
1763916900000	long	14.997312803070091	19.33159280307009	TP
1763938800000	long	16.054105608045248	20.43140110804525	TP
1763958600000	short	19.56273297350941	23.904828473509408	TP
1763978400000	short	16.238405139901225	20.543547639901227	TP
1763980500000	short	15.138602768232051	19.433372268232052	TP
1763995800000	short	23.96550432745867	28.25269282745867	TP
1764013800000	long	16.698908696444047	21.107038196444048	TP
1764024600000	long	-4.195759999999418	0.23500000000058208	Timeout
1764030600000	short	9.670271170245627	14.075524170245627	TP
1764036000000	short	12.471617302392705	16.863893802392706	TP
1764053400000	short	-15.842779405465278	-11.449014405465277	SL
1764078900000	short	-21.92953622514313	-17.575385725143132	SL
1764079800000	short	-23.642896939554248	-19.29325343955425	SL
1764082500000	short	21.55365604870925	25.89073354870925	TP
1764099600000	short	19.678355127692203	24.009884127692203	TP
1764130800000	short	-19.442128781668345	-15.085778781668342	SL
1764144600000	long	-16.380329536218838	-11.999430036218838	SL
1764151200000	short	7.872525477532367	12.223999977532367	TP
1764202200000	long	8.8546383439283	13.363588843928301	TP
1764222000000	long	11.905198434222058	16.453521434222058	TP
1764231000000	long	5.977058176871323	10.539499176871324	TP
1764239400000	long	7.062231575117883	11.631661075117883	TP
1764242400000	long	5.743926803014583	10.315068803014583	TP
1764247500000	short	5.912254386217305	10.472436386217305	TP
1764250500000	short	12.25965104040129	16.79824004040129	TP
1764273600000	long	6.662968263020788	11.236045263020788	TP
1764280500000	long	4.8084785270198	9.3793280270198	TP
1764283500000	short	7.079765054889253	11.646624054889253	TP
1764292800000	short	7.916510090551989	12.465957590551989	TP
1764293400000	short	7.965632891853424	12.513861391853425	TP
1764295800000	short	7.562473879686929	12.10737387968693	TP
1764296400000	short	8.097516028913624	12.640205028913625	TP
1764297300000	short	-17.404716127012286	-12.863087627012284	SL
1764310800000	long	-13.908659305187893	-9.342179305187893	SL
1764398100000	short	5.9111210767802085	10.436408076780209	TP
1764437700000	short	6.419637991145603	10.950450491145602	TP
1764439500000	short	6.797469639449151	11.322798139449151	TP
1764472800000	short	4.353971491246114	8.889962491246115	TP
1764502200000	long	3.9735558323489277	8.532268832348928	TP
1764516600000	long	6.417363142888998	10.987229642888998	TP
1764526200000	short	-15.253271426630075	-10.688093426630076	SL
1764535200000	short	3.5066819968228238	8.070583996822824	TP
1764538200000	short	-15.256785735143236	-10.700478235143237	SL
1764544200000	short	6.758459459485998	11.307107459485998	TP
1764604200000	short	33.943933652753024	38.18063365275302	TP
1764606300000	short	-39.61288714572197	-35.38498714572197	SL
1764633000000	long	13.716903900069239	18.02982540006924	TP
1764645600000	long	11.406166511937256	15.724130511937256	TP
1764662700000	long	4.8295476247872955	9.174025124787295	TP
1764664500000	short	8.193646514934875	12.526898514934874	TP
1764665100000	short	9.830513250122209	14.161050250122209	TP
1764666000000	short	10.571871781166728	14.902999781166727	TP
1764680400000	long	10.697944425738706	15.055153925738706	TP
1764706200000	long	17.91561803573039	22.49348453573039	TP
1764744300000	long	17.232207645628723	21.893661145628723	TP
1764765000000	short	-19.537429951528097	-14.898423951528095	SL
1764771300000	short	24.357912903357505	28.975170903357505	TP
1764806400000	long	-23.732382619159054	-19.061810119159055	SL
1764808800000	short	-25.247628901862956	-20.595212401862955	SL
1764849000000	short	8.61804289829055	13.26827189829055	TP
1764854100000	short	-20.828077477293323	-16.193017477293324	SL
1764860400000	short	18.92830719005451	23.538942190054513	TP
1764870300000	short	20.653807745892557	25.263158245892555	TP
1764876600000	short	26.208587304936657	30.78912030493666	TP
1764910200000	short	9.082813760565013	13.686014760565014	TP
1764945000000	short	15.490373239791595	20.019238239791594	TP
1765005900000	long	1.5637710011509132	6.042546001150914	TP
1765059000000	short	3.13662877522147	7.611628775221471	TP
1765061700000	short	3.1989659323052244	7.663262932305225	TP
1765082100000	long	2.0965454155280003	6.572067415528	TP
1765093500000	short	3.823813950779602	8.291611450779602	TP
1765142400000	long	7.7421113562337736	12.291439856233774	TP
1765146600000	short	25.57828496916083	30.08019246916083	TP
1765193400000	long	5.453004171958763	10.048853171958763	TP
1765201200000	short	10.971120393915404	15.553695393915405	TP
1765204200000	short	14.128657085853137	18.708254585853137	TP
1765245600000	short	10.573859366971563	15.085739866971563	TP
1765250400000	short	9.94078733510354	14.444087335103541	TP
1765276800000	short	7.449953805844322	11.954853805844323	TP
1765287900000	short	-17.336466130003817	-12.822173630003817	SL
1765291500000	short	-22.619774234652475	-18.112474234652474	SL
1765310400000	long	15.48271414288444	20.16359814288444	TP
1765311300000	long	17.089920839619726	21.755989839619726	TP
1765317300000	short	20.515645394748546	25.147645394748544	TP
1765326000000	short	12.479277243637918	17.10374724363792	TP
1765328400000	short	13.442159883095131	18.056316883095132	TP
1765377600000	short	-18.471753297095788	-13.876797797095788	SL
1765378800000	short	12.797587714567271	17.39879021456727	TP
1765380900000	short	14.883837232050418	19.476637232050418	TP
1765459500000	short	3.9641911684883366	8.466774168488337	TP
1765460100000	short	5.660615471809952	10.163539971809952	TP
1765504800000	long	15.090316212940373	19.69015671294037	TP
1765509300000	long	13.972738258818527	18.583576758818527	TP
1765516200000	long	6.409805808082213	11.020119308082213	TP
1765524900000	long	4.924942339250805	9.538565839250806	TP
1765529100000	short	4.952312217516407	9.564587717516407	TP
1765543500000	short	3.1236910643264384	7.734387064326438	TP
1765604700000	short	-7.578085698105155	-3.0636406981051554	SL
1765626300000	short	0.8808515271586774	5.400407527158677	TP
1765627200000	short	-9.78723592462306	-5.26832592462306	SL
1765630200000	short	-9.987887404637263	-5.471789904637262	SL
1765661700000	short	1.0535716491998803	5.556739649199881	TP
1765676400000	long	3.0760597327817942	7.587360232781794	TP
1765680600000	long	-2.5469419999996505	1.9660000000003492	Timeout
1765683000000	long	-4.832267500000234	-0.3190000000002329	Timeout
1765684500000	long	-1.4807074395220035	3.0322415604779964	TP
1765690500000	short	0.11497898059952139	4.622294480599521	TP
1765694100000	short	-0.34469732042051593	4.162502679579484	TP
1765707600000	short	2.240382849563864	6.746503349563864	TP
1765723500000	short	9.519304776573321	13.973791276573321	TP
1765724100000	short	9.847234355821335	14.303136355821335	TP
1765749600000	short	6.590983381167054	11.018382881167055	TP
1765755300000	short	15.563241897121443	19.966041397121444	TP
1765806000000	short	5.8744862135780345	10.347993713578035	TP
1765809300000	short	-22.825732683052884	-18.353486183052883	SL
1765846800000	short	9.81594514450434	14.114192144504342	TP
1765849200000	short	-20.066644678501195	-15.774923178501195	SL
1765849800000	short	-20.082716414116707	-15.788316414116707	SL
1765856400000	short	10.800699541100496	15.090032041100494	TP
1765860600000	short	11.243474975708825	15.530098975708825	TP
1765871100000	short	8.584082940640547	12.886448940640548	TP
1765891800000	long	17.69526104517187	22.03862354517187	TP
1765892400000	long	20.487975903745497	24.834675403745496	TP
1765929600000	long	6.166791712584238	10.547536212584237	TP
1765942800000	short	6.430230648731525	10.793208648731525	TP
1765950300000	short	11.356925801369737	15.689439801369737	TP
1765998900000	short	24.950392386121685	29.239491886121687	TP
1766020200000	short	-16.118830419367633	-11.820730919367634	SL
1766036700000	long	5.897368382709709	10.22477088270971	TP
1766060700000	long	3.9365556972197675	8.293713197219768	TP
1766074500000	long	-7.16423949999872	-2.7579999999987197	Timeout
1766084700000	short	31.476511962292083	35.77064696229208	TP
1766091600000	short	28.77084116232904	33.02774116232904	TP
1766145900000	long	9.721032925773823	14.119698425773823	TP
1766147700000	long	9.633905709404166	14.033586209404167	TP
1766148600000	long	9.944160037194765	14.340075037194765	TP
1766151000000	long	9.950383999395338	14.34606249939534	TP
1766188800000	long	5.27278742417877	9.677286924178771	TP
1766191500000	long	-13.012096788684477	-8.609334288684478	SL
1766196000000	long	2.159752228717121	6.561501728717122	TP
1766220900000	long	0.5161263384454164	4.928986838445417	TP
1766223600000	long	-8.680455601952943	-4.267387601952942	SL
1766226900000	short	-0.40565609477437725	4.003374405225623	TP
1766237700000	short	3.7237836318109547	8.132046631810955	TP
1766244000000	short	-11.775399432160853	-7.372606932160853	SL
1766269500000	short	-0.8557688118432805	3.554813688156719	TP
1766320800000	long	4.486690248217904	8.915320248217904	TP
1766325900000	short	13.424314567899128	17.826934067899128	TP
1766368200000	long	16.665357305034817	21.095200305034815	TP
1766413800000	long	-21.87070726521199	-17.37700676521199	SL
1766418000000	short	-35.980569043178086	-31.510188543178085	SL
1766423700000	short	18.759457844724842	23.226455844724843	TP
1766500800000	short	-22.065740269054473	-17.69414926905447	SL
1766502900000	short	19.503812777023636	23.872101777023637	TP
1766512800000	short	-26.7309589050617	-22.3632259050617	SL
1766529300000	short	10.744090447709958	15.119869947709958	TP
1766532300000	short	10.409011477001751	14.779580977001752	TP
1766542200000	short	7.0233533164600335	11.393948816460034	TP
1766557200000	short	5.213402687615375	9.562086687615375	TP
1766569200000	short	3.6124971259796634	7.952934125979664	TP
1766618400000	long	4.0052831366890445	8.389142136689044	TP
1766638800000	long	0.5391766997375989	4.924351699737599	TP
1766652600000	short	2.298155115467501	6.675559615467501	TP
1766654100000	short	2.193863562045701	6.570364062045702	TP
1766692800000	long	1.3799540024878851	5.7846465024878855	TP
1766696100000	short	2.700636433654683	7.0952709336546835	TP
1766700600000	short	1.2309576997509266	5.623737699750928	TP
1766703300000	short	5.8548880909333825	10.237388090933383	TP
1766734500000	long	9.128350612994467	13.572273612994469	TP
1766750400000	short	2.975737281871483	7.408137781871483	TP
1766841000000	short	-1.3224142955746858	3.049798204425315	TP
1766842500000	short	-0.46358606478803566	3.9092524352119655	TP
1766891400000	long	-7.547159875079221	-3.1581093750792206	SL
1766892000000	long	-1.204583242916688	3.183716757083312	TP
1766893200000	long	-7.509682437605293	-3.1217059376052934	SL
1766950200000	short	2.406107231410749	6.787348731410749	TP
1766952300000	short	1.8969690417690783	6.2741940417690785	TP
1766990700000	long	-15.243842386893522	-10.751219886893523	SL
1766998200000	long	7.931079034632841	12.404629534632841	TP
1766999100000	long	7.811999202474804	12.286765702474804	TP
1767035100000	short	9.967690524617133	14.349545524617135	TP
1767038400000	short	-15.487613186679052	-11.117980186679052	SL
1767042000000	short	7.0798104027324005	11.4448104027324	TP
1767064500000	short	5.661053048094749	10.01229354809475	TP
1767095400000	long	3.99510778052524	8.38380778052524	TP
1767103200000	long	4.8758391852085134	9.268839685208514	TP
1767105300000	long	9.38383533786536	13.77989333786536	TP
1767128400000	short	6.547073871723634	10.948025371723634	TP
1767143400000	short	3.513636396407244	7.929062396407244	TP
1767151500000	long	-13.498339425848979	-9.071482925848978	SL
1767184800000	long	-12.70232303031477	-8.26122403031477	SL
1767185400000	long	3.669193587364055	8.105739087364055	TP
1767187800000	long	2.6334880748926617	7.071545574892662	TP
1767191400000	long	4.941845258060446	9.380931258060446	TP
1767211800000	short	5.192394792887718	9.569605292887719	TP
1767213600000	short	5.493978693906448	9.865726193906449	TP
1767252600000	short	-1.7586527330633013	2.6240352669366986	TP
1767275100000	long	-8.024080726475102	-3.6291762264751015	SL
1767277200000	long	0.041610005237444625	4.436714005237445	TP
1767317400000	long	4.626036288743914	9.056167788743915	TP
1767319200000	long	3.817606626883739	8.24650262688374	TP
1767362100000	long	4.811574445344516	9.279008445344516	TP
1767364500000	short	14.271789966041748	18.727789966041748	TP
1767387300000	short	-20.050212093178303	-15.5632120931783	SL
1767396000000	long	6.055230350406812	10.552773850406812	TP
1767399300000	long	3.7036605971817504	8.201985097181751	TP
1767467100000	long	-0.6071110836737303	3.8961779163262693	TP
1767470400000	long	-1.19144854683231	3.3112279531676907	TP
1767508800000	long	5.5111276391863475	10.075439139186347	TP
1767513600000	long	5.571545263246485	10.136385263246485	TP
1767524700000	long	3.288127933015211	7.858480433015211	TP
1767530700000	short	2.694056535693945	7.252055535693945	TP
1767552000000	short	2.0921628508752086	6.65316235087521	TP
1767554400000	short	-5.379492000001048	-0.8230000000010478	Timeout
1767602100000	long	3.2199864616122795	7.8449864616122795	TP
1767603300000	long	2.897875591058705	7.521252091058705	TP
1767603900000	short	-13.573017966269683	-8.952472466269683	SL
1767654000000	long	-17.729758198638557	-13.026188198638557	SL
1767659100000	short	6.644493634870426	11.334879134870427	TP
1767668100000	short	-14.79092400666731	-10.10989400666731	SL
1767676200000	short	2.3336558206946147	7.020584320694616	TP
1767678300000	short	1.9042112992795257	6.586768799279525	TP
1767679200000	short	2.258912500006457	6.941845500006457	TP
1767745800000	long	-18.397235166116886	-13.734848666116887	SL
1767751500000	short	12.536033390793616	17.163086390793616	TP
1767760800000	short	6.679771179091244	11.318271179091244	TP
1767765600000	short	-14.025809237716876	-9.397463237716876	SL
1767791400000	short	-13.330779923778158	-8.735843923778157	SL
1767796500000	short	10.940249702624545	15.529023702624546	TP
1767812400000	short	13.685591888267481	18.24017138826748	TP
1767839100000	short	7.480796152587712	12.041908152587713	TP
1767841200000	short	8.804421388376612	13.358835388376612	TP
1767843000000	short	6.617771094669103	11.166835594669102	TP
1767862800000	short	9.58949315812715	14.10480865812715	TP
1767866700000	short	10.010732983888634	14.510837983888633	TP
1767874800000	short	9.62242686397102	14.12091886397102	TP
1767876000000	short	9.314600684971943	13.814710684971942	TP
1767881100000	short	7.556386376409448	12.048842376409448	TP
1767882600000	short	10.722618817635999	15.212843317635999	TP
1767883500000	short	18.094683478442818	22.590674478442818	TP
1767902100000	long	-18.93403227433089	-14.38716177433089	SL
1767921600000	long	3.1660022640012047	7.723034764001205	TP
1767961500000	short	4.86987061375023	9.38697811375023	TP
1767970200000	short	-24.56482895164723	-20.061305951647228	SL
1767991500000	short	10.907907828318063	15.426846328318062	TP
1768026300000	short	-1.3323364301451273	3.1939860698548728	TP
1768054500000	short	-1.0755910503078168	3.456805449692183	TP
1768112100000	long	-2.0316982465818696	2.50308275341813	TP
1768144200000	long	2.147739174473206	6.693090674473206	TP
1768163400000	short	4.099835466876919	8.63001196687692	TP
1768169400000	short	-12.959711356878728	-8.431930356878729	SL
1768172700000	short	6.10947180440543	10.63271530440543	TP
1768201800000	long	4.798693761062562	9.389504761062563	TP
1768205100000	short	7.720071687813524	12.298072187813524	TP
1768216200000	short	-14.896911935460059	-10.36749043546006	SL
1768228200000	short	10.332595635769096	14.866017635769095	TP
1768249800000	long	8.55811396803911	13.13541796803911	TP
1768251900000	short	8.812616480541452	13.383816980541452	TP
1768255200000	short	8.420947507548812	12.982711507548812	TP
1768259100000	short	-16.338076627763304	-11.781479127763305	SL
1768272300000	short	-13.110360960780133	-8.551688460780133	SL
1768305900000	short	-13.702907070685898	-9.104141570685897	SL
1768381500000	short	4.8649185703108335	9.614682570310833	TP
1768392000000	short	5.20786997091618	9.94978397091618	TP
1768428600000	long	-20.58173320291756	-15.714947702917563	SL
1768429500000	long	-19.27134669071089	-14.40513269071089	SL
1768447800000	short	11.350900172911341	16.15341217291134	TP
1768476900000	long	-13.795008991222073	-8.96069399122207	SL
1768491600000	short	22.349823880558958	27.14385838055896	TP
1768536000000	short	-11.575827758327605	-6.807027758327604	SL
1768539300000	short	4.249716556012319	9.012781056012319	TP
1768594200000	short	6.576092149390667	11.320119149390667	TP
1768617300000	short	-0.16801892143015262	4.5981185785698475	TP
1768629900000	short	-0.9011864996256707	3.8618455003743293	TP
1768636800000	short	-0.13863885786225172	4.617932642137748	TP
1768648500000	short	-1.8953196541313209	2.86344234586868	TP
1768690500000	short	-9.680411371364283	-4.921862871364283	SL
1768698900000	short	0.84681171655102	5.59681171655102	TP
1768789200000	short	-1.527890999999593	3.1020000000004075	Timeout
1768832100000	short	2.924516789059468	7.5700662890594685	TP
1768832700000	short	-12.456098749239372	-7.812536749239371	SL
1768860900000	short	3.105047157272505	7.753616657272506	TP
1768865400000	short	9.978483241366549	14.61240924136655	TP
1768878900000	short	5.350453312691833	9.975349312691833	TP
1768883100000	short	4.221176887840569	8.83676538784057	TP
1768911900000	short	-13.864431659602163	-9.306990659602162	SL
1768916100000	short	6.84143129414434	11.39543079414434	TP
1768918800000	short	8.766961546158525	13.313924546158525	TP
1768951800000	short	20.786379700640566	25.206040200640565	TP
1768982700000	short	7.02602930705994	11.49057580705994	TP
1768983300000	short	7.32841995608702	11.79341995608702	TP
1769012400000	long	-32.12682765643676	-27.653937656436756	SL
1769036100000	long	11.23693619397767	15.72511169397767	TP
1769050200000	long	8.020774141800143	12.514519641800144	TP
1769051700000	long	8.450627161500062	12.947696161500062	TP
1769054400000	long	6.188843572314474	10.680825072314475	TP
1769066100000	long	3.5586144639276336	8.058402463927633	TP
1769091000000	short	8.335460899638472	12.820602899638471	TP
1769092500000	short	12.877406730231353	17.357695730231352	TP
1769119500000	short	-17.06117362234302	-12.59622812234302	SL
1769148000000	short	4.356047982450738	8.839847982450738	TP
1769149800000	short	2.3525149999997677	6.830999999999768	Timeout
1769157600000	short	5.6229275928267874	10.090915592826788	TP
1769160900000	short	8.056908739286406	12.512572739286407	TP
1769179200000	short	12.426159496392156	16.874433496392157	TP
1769195400000	long	-26.4706701093707	-21.9567701093707	SL
1769202000000	short	1.9569960000000588	6.436000000000059	Timeout
1769234700000	long	-1.1322113654927906	3.35454213450721	TP
1769259000000	short	-3.924890999999594	0.5520000000004075	Timeout
1769283000000	short	-7.319200880819599	-2.8531693808195997	SL
1769301300000	short	-8.528910269141068	-4.067283769141068	SL
1769305500000	short	-0.15112423795644148	4.308203762043559	TP
1769313300000	short	1.5266861753091376	5.974703675309138	TP
1769322000000	short	1.7638173260792476	6.205525826079247	TP
1769328000000	short	0.6959626874689482	5.1326006874689485	TP
1769398200000	long	-18.502324849699892	-14.134587849699892	SL
1769412600000	long	6.108716075700837	10.496704075700837	TP
1769418000000	long	8.356504788218762	12.747801288218762	TP
1769426700000	long	2.9281343524398373	7.317868352439837	TP
1769429100000	long	3.037686723600853	7.427688223600853	TP
1769489100000	long	4.4817301052300555	8.911763105230056	TP
1769503800000	short	2.851496822837218	7.262936822837219	TP
1769513100000	short	-11.246930923525294	-6.853197923525295	SL
1769520600000	short	2.6135189281628017	7.010283428162802	TP
1769525100000	short	11.254710874947119	15.647166374947119	TP
1769567400000	long	5.855524943424001	10.316919943424	TP
1769569500000	long	-14.9738665304663	-10.516062530466298	SL
1769571300000	long	-15.231918919969942	-10.777915419969942	SL
1769574300000	short	5.365828208934574	9.813227708934575	TP
1769610900000	long	10.885150005538772	15.375650005538773	TP
1769629500000	short	21.728294014401456	26.19900751440146	TP
1769646000000	short	5.808085046048362	10.265563546048362	TP
1769647500000	short	7.706937511540312	12.162366511540313	TP
1769686200000	short	-13.975431255887822	-9.583430755887822	SL
1769687400000	short	-13.406430131063534	-9.017199131063535	SL
1769697300000	short	-16.69691159936762	-12.30611859936762	SL
1769697900000	short	9.940536180066085	14.329898180066085	TP
1769766600000	short	13.282448005943248	17.40050150594325	TP
1769797500000	short	29.07853915356013	33.20338615356013	TP
1769820600000	long	7.02550542401114	11.227758924011141	TP
1769823000000	long	5.93877184829008	10.13925034829008	TP
1769825700000	long	5.693211346351614	9.889400346351614	TP
1769864400000	short	-15.861540901332628	-11.721540901332629	SL
1769866800000	short	-17.28740997497828	-13.154920474978281	SL
1769876100000	short	30.21318273382765	34.28506573382765	TP
1769942700000	short	12.883906504511915	16.808032004511915	TP
1769954700000	short	10.58565458300777	14.50047508300777	TP
1769956800000	short	-27.503027461131868	-23.60864646113187	SL
1769976900000	short	17.83618925382378	21.69871875382378	TP
1769977800000	short	22.340067769006676	26.195918769006678	TP
1769980200000	short	-32.7749222618491	-28.937798261849096	SL
1769987400000	short	41.431326099690665	45.263312099690665	TP
1770003900000	short	39.0503146689406	42.846473668940604	TP
1770041700000	long	16.015429500923936	19.897779500923935	TP
1770066000000	short	16.867038902173682	20.78151540217368	TP
1770076800000	long	9.838980975969008	13.765680975969008	TP
1770088800000	short	17.754577915047484	21.660443415047485	TP
1770099300000	short	13.074880009368206	16.990796009368207	TP
1770111000000	short	16.147245319072834	20.057744819072834	TP
1770129600000	short	-25.292180594306036	-21.398395094306036	SL
1770131100000	short	25.184341297834393	29.065957297834395	TP
1770131700000	short	-35.796765914968546	-31.93004991496855	SL
1770145800000	short	43.69008943418058	47.41920443418058	TP
1770173400000	short	-24.59977838910753	-20.80417488910753	SL
1770182100000	long	9.670000735277892	13.489250735277892	TP
1770183900000	short	8.133128002690547	11.946015002690547	TP
1770184500000	short	8.927768538034208	12.741768038034207	TP
1770198000000	short	-13.70085000000064	-9.89600000000064	Timeout
1770204000000	short	12.519472412359772	16.317772412359773	TP
1770214200000	short	18.329571674567767	22.097109674567765	TP
1770215700000	short	-34.72364493864037	-30.95591243864037	SL
1770222000000	short	44.08708094421218	47.78049944421218	TP
1770225000000	short	45.24114629012837	48.92159029012837	TP
1770226800000	short	48.29745109760858	51.93591009760858	TP
1770242100000	short	26.939011185200044	30.579010685200046	TP
1770243300000	short	29.310586447834282	32.943786447834285	TP
1770254700000	short	29.52305442112613	33.17141192112613	TP
1770257100000	short	30.2810449264435	33.8934054264435	TP
1770260700000	short	35.5089311183889	39.1008221183889	TP
1770266400000	short	30.384884544752495	33.952625044752494	TP
1770269700000	short	-38.2765701253183	-34.739518625318304	SL
1770291300000	short	26.435326061322076	29.963640061322078	TP
1770312000000	short	54.9746639785115	58.3543079785115	TP
1770321900000	short	41.80549488095571	45.08694488095571	TP
1770324900000	short	64.94116208075953	68.12994558075953	TP
1770337800000	short	73.76396390367982	76.88020440367983	TP
1770359700000	long	-39.281323853093056	-36.017190853093055	SL
1770401100000	long	41.363391537305105	44.848574537305105	TP
1770411300000	long	28.573610096484497	32.0736165964845	TP
1770422400000	long	23.682937441326434	27.195797441326434	TP
1770432300000	long	15.710077239456337	19.219771739456338	TP
1770450000000	short	37.92842901704649	41.35227501704649	TP
1770457200000	short	13.851150500000697	17.257000000000698	Timeout
1770507000000	short	-18.858254139972903	-15.401086139972904	SL
1770511500000	short	12.31909043483407	15.77385143483407	TP
1770546000000	long	17.95764823715938	21.45735573715938	TP
1770564300000	long	15.745707671891553	19.291022671891554	TP
1770568500000	long	13.039947055777617	16.586559055777617	TP
1770582300000	long	-19.54352636932843	-15.992241869328428	SL
1770594000000	short	30.547726669679687	34.07121316967969	TP
1770623400000	short	12.783297332327654	16.307225332327654	TP
1770624000000	short	12.56727004675163	16.09133204675163	TP
1770630300000	short	16.075673522317484	19.564389022317485	TP
1770634800000	short	20.917417374224215	24.363239374224214	TP
1770645600000	short	14.812985664737061	18.24892316473706	TP
1770646800000	short	18.714000445337756	22.151525445337757	TP
1770682200000	short	11.146674743304311	14.655914743304312	TP
1770702600000	short	12.212241089091657	15.682614089091658	TP
1770704100000	short	11.224054318359226	14.692365318359226	TP
1770706800000	short	14.774737303568797	18.232012803568796	TP
1770728700000	short	11.598706237179572	15.028013737179572	TP
1770735000000	short	26.447185999488546	29.868006499488548	TP
1770747600000	long	18.9736539080938	22.440420908093802	TP
1770750300000	short	-28.500723053348974	-25.055623053348974	SL
1770780900000	short	13.291557277824054	16.711557777824055	TP
1770786000000	short	17.946114401084525	21.332254901084525	TP
1770794700000	short	15.679806139223452	19.03010513922345	TP
1770872400000	short	10.85850081364788	14.216831813647879	TP
1770874200000	short	13.444093696768995	16.798646696768994	TP
1770909000000	short	25.89638465474461	29.267184154744612	TP
1770962400000	short	8.399878577103628	11.71137907710363	TP
1771020600000	long	9.436528070757888	12.873390070757887	TP
1771027500000	long	6.179974299427334	9.620750799427334	TP
1771041900000	long	2.4506923018635605	5.8954678018635605	TP
1771042800000	long	-8.853829064392084	-5.4096110643920845	SL
1771045200000	short	1.5356047728574045	4.978057272857405	TP
1771073100000	long	11.983370953137058	15.47538695313706	TP
1771086300000	short	-18.448744824765477	-14.977498324765476	SL
1771114500000	short	6.011788990500491	9.500403990500491	TP
1771119300000	short	7.3989705464630315	10.879563546463032	TP
1771144200000	long	12.342329945833928	15.856236445833929	TP
1771151400000	long	7.3117561547641525	10.830530654764154	TP
1771154400000	long	-13.167168723775822	-9.64862072377582	SL
1771158000000	short	6.973356726817675	10.489348226817675	TP
1771197300000	short	-18.714176528054836	-15.288435528054833	SL
1771206000000	short	10.010530946561305	13.440036946561305	TP
1771209000000	short	8.661986914585308	12.084009414585308	TP
1771237200000	long	5.118312801143997	8.557217801143997	TP
1771241100000	short	8.678844803353075	12.112146303353075	TP
1771293000000	long	8.601330197168112	12.033085197168113	TP
1771306800000	short	-16.928280027863064	-13.520047527863063	SL
1771313400000	short	-12.332773496382025	-8.921327996382024	SL
1771321200000	short	-12.587329548139722	-9.183583548139723	SL
1771321800000	short	6.1814327022220095	9.58835520222201	TP
1771325700000	short	7.238739487034808	10.631004487034808	TP
1771341300000	short	22.765372313444885	26.121871813444887	TP
1771369800000	short	-13.158333351078582	-9.784980851078581	SL
1771378800000	short	8.587069095325637	11.945872595325637	TP
1771409700000	long	4.75962170143351	8.16215870143351	TP
1771416000000	short	-16.999764674360723	-13.625826674360724	SL
1771422900000	short	8.89213076128128	12.25397476128128	TP
1771425300000	short	10.95267239249373	14.31090839249373	TP
1771426200000	short	16.548047254485095	19.908910254485093	TP
1771439100000	short	13.295363091505267	16.639483591505268	TP
1771488600000	long	-11.994281756695608	-8.641136256695608	SL
1771494600000	short	7.150441865520577	10.493205865520578	TP
1771495500000	short	7.048344395971688	10.392300395971688	TP
1771511700000	short	15.56769955465186	18.87294955465186	TP
1771539300000	long	-14.015533354187792	-10.67339485418779	SL
1771560900000	long	5.230369289824704	8.589032789824705	TP
1771563900000	long	3.849195864249238	7.210740864249238	TP
1771576200000	long	5.193250008305363	8.581054008305363	TP
1771584600000	long	6.034135908692761	9.433135408692761	TP
1771634400000	long	4.796199916482399	8.188233416482399	TP
1771644000000	short	3.9630195468914104	7.353656046891411	TP
1771706100000	long	2.971021468725563	6.392590968725563	TP
1771718400000	short	3.692944998963561	7.093993998963561	TP
1771730400000	short	-11.284547817969708	-7.8899488179697075	SL
1771765200000	short	2.3301775200735073	5.730852020073508	TP
1771849200000	long	-12.951433843086797	-9.645718843086797	SL
1771854900000	long	9.596349984999836	12.902982984999836	TP
1771858200000	short	16.236561646591085	19.533763146591085	TP
1771863300000	short	19.09546119047818	22.37004019047818	TP
1771863900000	short	19.214112347911847	22.495769347911846	TP
1771869300000	short	20.899417530411796	24.140080530411797	TP
1771896000000	short	18.59637577634727	21.80853877634727	TP
1771937400000	short	6.652858529270296	9.805658529270296	TP
1771940100000	short	11.660045411569673	14.807559411569674	TP
1771966800000	long	9.75681331677282	12.96501331677282	TP
1771968900000	short	-17.19536622002882	-13.99492222002882	SL
1772050200000	long	16.981056821185536	20.413291321185536	TP
1772064300000	short	20.003558042386576	23.408585542386575	TP
1772071500000	short	14.844809110868624	18.245617110868626	TP
1772072100000	short	-22.776240019066133	-19.375078019066134	SL
1772120100000	short	25.785138597895592	29.149728597895592	TP
1772125200000	short	24.35360184859238	27.69910134859238	TP
1772176800000	long	-12.42805082732747	-9.047755327327469	SL
1772211600000	short	15.351243401117554	18.632812401117555	TP
1772213700000	short	-22.74088654288123	-19.47016104288123	SL
1772231700000	short	11.087363896303216	14.351087896303216	TP
1772249400000	long	4.111155628572469	7.402724628572469	TP
1772326800000	long	12.516059509503306	15.845809509503306	TP
1772338200000	long	-22.016989814113145	-18.652705814113144	SL
1772368500000	short	-13.83354989417095	-10.51680839417095	SL
1772388000000	short	18.064245054144816	21.384063554144817	TP
1772417100000	long	18.9275538174101	22.2366473174101	TP
1772436900000	short	13.671712804124022	16.970669304124023	TP
1772455500000	short	9.664206797258576	12.964226297258575	TP
1772457300000	short	-16.276522611514956	-12.978881611514954	SL
1772458200000	short	12.251201571610107	15.543716071610106	TP
1772482200000	long	18.891389450643377	22.328289950643377	TP
1772493600000	long	11.88259585503461	15.33602135503461	TP
1772514300000	short	9.231889400071076	12.646371400071075	TP
1772549400000	short	28.209301240391692	31.54863724039169	TP
1772571000000	long	-25.868437194905265	-22.456595694905264	SL
1772624100000	long	16.656796868300187	20.205899868300186	TP
1772667300000	short	14.683852525762019	18.31890702576202	TP
1772678700000	short	-20.797784789419246	-17.172248789419246	SL
1772690100000	short	10.918914687080003	14.539522187080003	TP
1772697300000	short	13.719502009554091	17.322277009554092	TP
1772699400000	short	15.037961307455966	18.641928307455967	TP
1772718000000	short	14.814085716335805	18.440001216335805	TP
1772722200000	short	23.022838534691335	26.647497034691334	TP
1772760600000	short	13.14552336711704	16.68806736711704	TP
1772771400000	short	8.401066218760661	11.946396718760662	TP
1772790000000	short	10.468181666029658	13.995775666029658	TP
1772799300000	short	10.944828110226235	14.453930610226235	TP
1772922900000	short	5.695611947724514	9.058399447724515	TP
1772933700000	short	5.572368031321391	8.934237031321391	TP
1772967900000	long	8.26498523872166	11.64299273872166	TP
1772976300000	short	13.861519727833006	17.219713727833007	TP
1772989200000	short	9.417490063601516	12.774308563601517	TP
1773055200000	short	12.731716211492154	16.107521711492154	TP
1773093600000	long	11.583225668991126	15.023052168991127	TP
1773114300000	long	16.41377573473172	19.89277623473172	TP
1773150300000	short	17.734781973587033	21.243129473587032	TP
1773151200000	short	20.01771241015821	23.51811241015821	TP
1773208800000	short	8.649991651735547	12.132416651735548	TP
1773215100000	short	7.656758581684429	11.139286581684429	TP
1773243000000	long	-34.51216064682193	-31.00959764682193	SL
1773243900000	long	26.101474290841356	29.601503290841357	TP
1773286200000	short	8.454847537326485	11.934306537326485	TP
1773293400000	short	-14.624278270121575	-11.156156270121574	SL
1773321300000	long	10.206178296891201	13.717312796891202	TP
1773383100000	long	8.52943141236888	12.09151191236888	TP
1773412800000	long	23.443695400148883	27.091030400148885	TP
1773443400000	short	-15.427994987590692	-11.887542487590691	SL
1773471900000	short	7.18507440026189	10.71893040026189	TP
1773503400000	short	3.8276500521481513	7.357326552148152	TP
1773572400000	long	3.114339610488807	6.700341110488807	TP
1773574500000	long	3.0507466798488263	6.634631679848827	TP
1773581100000	short	6.645268419307687	10.221613419307687	TP
1773582000000	short	8.313693066406444	11.886187566406443	TP
1773601200000	short	6.4610058287093945	10.034987328709395	TP
1773622800000	long	12.770329953099935	16.389176453099935	TP
1773646500000	long	11.90138438191211	15.57504338191211	TP
1773651000000	short	14.52202938734073	18.18054338734073	TP
1773702000000	long	13.87302226650078	17.59301926650078	TP
1773717000000	long	14.557846346497048	18.30503584649705	TP
1773751800000	short	1.791507000000291	5.480000000000292	Timeout
1773794700000	short	-17.98961614113723	-14.29983364113723	SL
1773810000000	short	-11.745374948082004	-8.035974948082004	SL
1773830700000	short	5.015058583136732	8.712197583136732	TP
1773831300000	short	4.565220211991171	8.262537711991172	TP
1773831900000	short	5.851015894522643	9.547601394522644	TP
1773860400000	short	17.398852775161885	20.966673275161885	TP
1773863400000	short	13.788996942371389	17.34391294237139	TP
1773896400000	short	6.833651282371585	10.377367782371586	TP
1773902100000	short	7.765686398661532	11.300886398661532	TP
1773905700000	short	14.349292307399406	17.858323307399406	TP
1773927000000	short	13.22932243684805	16.70053643684805	TP
1773927600000	short	16.291929570547442	19.777789070547442	TP
1773935100000	short	21.85976652310691	25.32106452310691	TP
1773959400000	long	7.971506908866461	11.48263190886646	TP
1773961500000	long	-14.897790308827705	-11.386972808827705	SL
1773965100000	short	9.160311242217961	12.66060424221796	TP
1773986400000	long	-14.227136443390497	-10.698444943390497	SL
1773998100000	long	8.73821001249225	12.27092551249225	TP
1774006800000	short	-16.57682633540169	-13.057061835401692	SL
1774014000000	short	15.687638506553418	19.203789006553418	TP
1774018500000	short	20.019061847025203	23.505622347025202	TP
1774019400000	short	20.194780462250097	23.683224962250097	TP
1774028100000	short	13.755444397413346	17.236629397413346	TP
1774068300000	long	1.9845365104435593	5.51623651044356	TP
1774089000000	short	-4.623029999999303	-1.0929999999993016	Timeout
1774160100000	short	-11.176120684806833	-7.717999184806832	SL
1774165500000	short	4.24023071836802	7.69332621836802	TP
1774167600000	short	6.5827739104203085	10.027300910420308	TP
1774176600000	short	4.840078594201303	8.272054094201303	TP
1774181700000	short	8.235558430486925	11.660679430486926	TP
1774206300000	short	5.565158913718269	8.990558913718269	TP
1774208100000	short	6.066249238582694	9.485079238582694	TP
1774251000000	short	17.128446183069304	20.527692183069306	TP
1774279500000	long	-26.782495310150537	-23.237488810150538	SL
1774308000000	short	7.2960298196005535	10.823181319600554	TP
1774316700000	short	-19.489580986008647	-15.967383986008645	SL
1774327800000	short	6.741262555054041	10.262789555054042	TP
1774350000000	long	7.868950769604451	11.41973576960445	TP
1774353600000	long	8.825660768923168	12.376427768923168	TP
1774359000000	short	10.80633217551243	14.34292367551243	TP
1774363800000	short	20.313052241326385	23.808634741326387	TP
1774374900000	short	15.687758599969555	19.149680099969554	TP
1774421700000	long	5.45093817997326	9.00052967997326	TP
1774424700000	long	6.653387832131335	10.202093332131335	TP
1774425900000	long	6.380815338270461	9.923066838270461	TP
1774440900000	long	10.683054452219242	14.254237452219241	TP
1774447200000	long	15.161856591912063	18.736075091912063	TP
1774447800000	long	-2.9416455000001167	0.6279999999998837	Timeout
1774454700000	short	13.725030844587998	17.273721844588	TP
1774509600000	short	7.697323649306696	11.200293649306696	TP
1774514400000	short	6.824684744117121	10.321550744117122	TP
1774526400000	short	-14.390467715928517	-10.923779215928517	SL
1774532100000	short	-14.242530235242215	-10.776679735242215	SL
1774539900000	short	15.233382016638764	18.688360016638764	TP
1774547400000	short	10.541035522635545	13.979167522635544	TP
1774572000000	short	8.05708638928045	11.49302388928045	TP
1774618500000	short	12.12553855404361	15.44783355404361	TP
1774620000000	short	14.105179017354663	17.420577017354663	TP
1774634400000	short	-19.689451970670333	-16.405159470670334	SL
1774718100000	long	-11.728432917560694	-8.385230917560694	SL
1774725000000	long	2.929653850640561	6.271861850640562	TP
1774726800000	long	1.8042303484743005	5.146106848474301	TP
1774736100000	short	3.874880294707426	7.211152294707427	TP
1774742400000	short	4.696923781450012	8.020011781450012	TP
1774760100000	long	-9.755390420407423	-6.418633420407423	SL
1774761300000	short	3.0436214019223673	6.379042901922367	TP
1774779000000	short	2.1096067195563957	5.437010219556396	TP
1774780500000	short	3.014859226427757	6.341678226427757	TP
1774789800000	short	-11.403597846944763	-8.073279346944764	SL
1774793400000	short	-12.428861489737166	-9.095215489737166	SL
1774798800000	short	-12.559565641680692	-9.236759641680692	SL
1774822800000	short	6.9168906959991485	10.23773269599915	TP
1774851300000	long	8.118829187626998	11.485229687626997	TP
1774878000000	long	8.981064456281363	12.366782456281364	TP
1774882200000	short	15.327551153984329	18.70402665398433	TP
1774889700000	short	10.634818213984165	14.003223213984166	TP
1774912200000	short	-14.278461933529876	-10.950945933529875	SL
1774929600000	long	9.836373921020474	13.219279421020474	TP
1774931100000	long	-18.423571836817832	-15.043580336817833	SL
1774932600000	long	-16.38234870955161	-13.002879209551612	SL
1774955400000	short	11.114468198173478	14.443302198173479	TP
1774969200000	short	-26.90252854329376	-23.563328543293757	SL
1775002200000	long	7.353252628129955	10.755552628129955	TP
1775002800000	long	9.092721510989643	12.491502010989644	TP
1775008800000	short	9.654036956787067	13.046540956787068	TP
1775009400000	short	9.774859539269668	13.167221539269669	TP
1775038200000	long	7.826512280161425	11.251975280161425	TP
1775064900000	short	13.018849007763366	16.441211507763366	TP
1775082000000	short	7.614265084361509	11.02723008436151	TP
1775100000000	short	15.869104698248975	19.213304698248976	TP
1775106000000	short	-8.070615500000525	-4.749000000000524	Timeout
1775124900000	short	-12.721158564017802	-9.404978564017801	SL
1775136000000	short	7.684258235834106	10.985918235834106	TP
1775137500000	short	11.323024423472692	14.624541423472692	TP
1775165700000	long	5.961263065888153	9.302916565888154	TP
1775177700000	short	-11.516046222163824	-8.176753222163825	SL
1775181300000	short	6.499938495624752	9.831438495624752	TP
1775220600000	short	7.9422326238336	11.2808151238336	TP
1775224200000	short	7.216673523985785	10.550689523985785	TP
1775313300000	long	0.24671820041391923	3.6005822004139194	TP
1775331600000	long	1.6563842866255207	5.021310286625521	TP
1775348700000	short	0.18321089870112095	3.546431898701121	TP
1775372400000	short	2.549594302090971	5.892859802090971	TP
1775375400000	short	2.253107764043427	5.593108764043428	TP
1775391300000	short	0.2454903076736792	3.59188580767368	TP
1775394000000	short	2.169887855228038	5.512501855228038	TP
1775395800000	short	3.398559218588462	6.739186718588463	TP
1775427600000	long	7.86608355385038	11.23680455385038	TP
1775448900000	long	6.541328336970858	9.991403836970859	TP
1775456400000	long	5.567616773543528	9.019402273543529	TP
1775482800000	short	-13.870267512000344	-10.404006512000343	SL
1775484300000	short	-16.624963574605644	-13.160564074605645	SL
1775502300000	long	9.303153676006605	12.784155176006607	TP
1775509200000	long	5.186223974842855	8.673184474842856	TP
1775511900000	short	5.118951886394036	8.596812886394037	TP
1775519400000	short	-17.532413451873033	-14.088124951873034	SL
1775522400000	short	10.35036175225364	13.78959525225364	TP
1775571600000	short	13.209268460260517	16.613940960260518	TP
1775574600000	short	-18.954073867421474	-15.559642367421475	SL
1775615400000	long	-0.8959829999998838	2.6720000000001165	Timeout
1775633400000	long	5.999147730716329	9.58177273071633	TP
1775634000000	long	5.423705313729973	9.005992813729973	TP
1775642400000	long	4.819348626587108	8.402383626587108	TP
1775643000000	long	-12.098829749454186	-8.518254249454186	SL
1775646000000	short	-11.59660127541229	-8.02045627541229	SL
1775687400000	short	7.671956345356515	11.236121345356516	TP
1775689800000	short	7.576623661201255	11.134891661201255	TP
1775733000000	long	-11.350964263359185	-7.791270263359184	SL
1775745300000	short	10.614084731040116	14.154410731040116	TP
1775757600000	long	18.003390316687785	21.599442316687785	TP
1775779200000	short	11.703642355768055	15.294214355768055	TP
1775859300000	long	7.161880766647342	10.814003266647342	TP
1775863200000	short	-12.754248708869278	-9.110541708869277	SL
1775881800000	short	-1.8380005000005242	1.8009999999994761	Timeout
1775888700000	short	2.0139723833907994	5.6487243833908	TP
1775913300000	short	3.7602234316119763	7.398618431611976	TP
1775939400000	long	6.4146783876367035	10.077503887636704	TP
1775946600000	long	5.687198910228388	9.352978410228388	TP
1775969100000	short	6.23525495629036	9.81375495629036	TP
1775991300000	short	2.064814662098821	5.637459162098821	TP
1775995800000	short	1.9055299601821125	5.475231460182113	TP
1775997300000	short	2.4677927422676786	6.041902242267679	TP
1776006600000	short	6.16514191281683	9.707045912816831	TP
1776007800000	short	6.504404533005737	10.043865533005738	TP
1776025200000	short	1.2139045411232514	4.766442541123252	TP
1776035700000	short	-6.804825500001165	-3.2700000000011644	Timeout
1776104400000	long	10.740883931615754	14.345235931615754	TP
1776127800000	long	13.21870343668478	16.92621043668478	TP
1776144300000	long	-10.585822490335966	-6.868833490335965	SL
1776163500000	short	-4.286543999999826	-0.5669999999998254	Timeout
1776164400000	short	-2.9049200000005824	0.814999999999418	Timeout
1776220800000	short	2.0661705000002915	5.780000000000292	Timeout
1776234900000	short	4.6298573699945695	8.32863186999457	TP
1776237000000	short	-12.075017784489088	-8.379332784489089	SL
1776239100000	short	7.0739774438679905	10.758301943867991	TP
1776260700000	short	-17.343941513462763	-13.647657513462764	SL
1776261300000	short	11.119768896811754	14.822964896811754	TP
1776299100000	short	8.25899812777321	11.988777127773211	TP
1776314700000	long	8.730921524627265	12.472222024627264	TP
1776321600000	long	-12.401601846759469	-8.654555846759468	SL
1776359700000	short	-24.497960319731224	-20.792972819731222	SL
1776374400000	long	10.872299697591947	14.616199697591947	TP
1776385200000	long	5.453629404321042	9.198600404321041	TP
1776390900000	short	7.046807857688691	10.784307857688692	TP
1776421500000	long	16.113471219966513	19.874707219966513	TP
1776445500000	long	17.581113899409594	21.460459399409594	TP
1776461700000	long	6.46935122841516	10.33401072841516	TP
1776486900000	short	3.6328249866431075	7.485557986643108	TP
1776498900000	short	1.1862034554977576	5.036093455497758	TP
1776513000000	short	8.340287412439018	12.139685912439019	TP
1776519600000	short	6.5518213021253455	10.349318802125346	TP
1776537900000	short	6.461406312331593	10.245117812331593	TP
1776538500000	short	6.840196256551289	10.622785256551289	TP
1776558900000	short	-10.236992658242189	-6.457181658242189	SL
1776584400000	short	5.572469785217303	9.331533285217303	TP
1776590700000	short	4.6617778293159695	8.416354829315969	TP
1776592800000	short	5.119287621838138	8.871254121838138	TP
1776612600000	long	10.22560502871713	14.01185852871713	TP
1776631800000	short	10.350702336153116	14.085633336153116	TP
1776643200000	short	12.942806610669345	16.646305110669346	TP
1776694200000	long	14.734528473373585	18.488077973373585	TP
1776697800000	short	18.82828577189041	22.58144227189041	TP
1776725100000	long	-13.381435191019692	-9.584520191019692	SL
1776772800000	long	-15.04010587107999	-11.22010537107999	SL
1776773400000	long	7.680749794452126	11.493687794452127	TP
1776783600000	short	18.599948766119955	22.383763766119955	TP
1776792900000	short	17.339131488200287	21.11899198820029	TP
1776801600000	short	-23.335102823789406	-19.579687323789404	SL
1776884400000	long	9.154994719133498	13.094289219133499	TP
1776902400000	short	6.693629814863007	10.611091314863007	TP
1776903300000	short	13.64684469633992	17.56644519633992	TP
1776934200000	short	5.924648670702814	9.817312670702814	TP
1776952500000	short	-17.28026866765664	-13.40365716765664	SL
1776963000000	long	11.771797537527561	15.676836537527562	TP
1776966600000	short	21.484933117840928	25.36812111784093	TP
1776992700000	long	5.741677120405427	9.648755620405428	TP
1776999000000	long	7.230922768228467	11.138223268228467	TP
1777004100000	short	6.183041767591737	10.070902267591737	TP
1777008000000	short	-13.402044439231352	-9.523409939231351	SL
1777015500000	short	3.6677852763514416	7.553801276351442	TP
1777017900000	short	4.130685102492187	8.013085102492187	TP
1777021800000	short	-3.9714000000006404	-0.0960000000006403	Timeout
1777038600000	long	-17.912571774018467	-14.012324274018466	SL
1777039500000	short	11.89498483163991	15.79320533163991	TP
1777116000000	long	-0.07410635527024301	3.8099061447297573	TP
1777140000000	short	2.336100705941823	6.200899205941823	TP
1777195800000	long	-8.241017366501982	-4.342483366501983	SL
1777208700000	short	0.9694892319686357	4.864400731968636	TP
1777222800000	short	1.8218314973219467	5.719799497321947	TP
1777232100000	long	6.5863775973474645	10.491105097347464	TP
1777263000000	long	5.383555948222874	9.336446948222875	TP
1777265100000	long	5.033974669414979	8.983311669414979	TP
1777275900000	short	5.723302792570682	9.607752792570682	TP
1777293600000	short	2.6907489138652445	6.577648413865245	TP
1777309200000	short	10.620534793935924	14.460031793935924	TP
1777358700000	short	5.49015614375404	9.32443714375404	TP
1777372200000	short	3.6123458051732973	7.442245805173298	TP
1777378800000	short	-13.52881624489044	-9.717580744890439	SL
1777382700000	short	6.748705993748173	10.558350993748173	TP
1777443900000	long	-10.809693666644318	-6.955524166644318	SL
1777482000000	short	10.502713217041316	14.303476217041316	TP
1777487700000	short	-25.52936416628773	-21.76318816628773	SL
1777527000000	short	7.045532814266865	10.827676314266865	TP
1777570200000	short	-12.767572769383786	-8.958374269383786	SL
1777586400000	short	-10.635653393243912	-6.821383893243911	SL
1777590000000	short	-10.241161128120254	-6.428099628120254	SL
1777617900000	long	2.78228154002406	6.6313825400240605	TP
1777630200000	long	1.3727260929173992	5.230697092917399	TP
1777652400000	long	12.562383526989818	16.47563302698982	TP
1777720800000	short	-1.1035689969336562	2.8078240030663437	TP
1777754700000	long	-1.431828728815141	2.489087771184859	TP
1777766700000	long	2.645034052666253	6.576096052666253	TP
1777769700000	short	2.3151519387105743	6.242267938710575	TP
1777827300000	long	0.33324868690299336	4.265948686902994	TP
1777836300000	long	-0.5252967605781529	3.408788239421847	TP
1777855500000	short	-0.6184029999997094	3.305000000000291	Timeout
1777874400000	long	-14.799887340384775	-10.800381340384774	SL
1777884000000	long	-13.231665789465845	-9.245821789465845	SL
1777903800000	short	12.236601368837292	16.184487368837292	TP
1777924200000	long	7.439681598611568	11.439251098611567	TP
1777925700000	long	7.5697465219043565	11.567486521904357	TP
1777926900000	long	6.584975441902432	10.580448941902432	TP
1777967400000	long	-7.280749999999535	-3.2369999999995347	Timeout
1777975500000	short	2.291731295956806	6.326175795956806	TP
1777990200000	long	12.381116323267136	16.436320323267136	TP
1778016300000	long	6.31978368202829	10.39352618202829	TP
1778021400000	short	10.989436320684012	15.050036320684013	TP
1778025600000	short	8.699460774835002	12.752560774835002	TP
1778043000000	long	6.127851371026261	10.196051371026261	TP
1778072100000	long	8.790125179967447	12.901148679967447	TP
1778094900000	short	6.452093874695358	10.517925874695358	TP
1778121000000	short	6.004167571325688	10.054823571325688	TP
1778188200000	short	6.640140856043294	10.629776356043294	TP
1778191800000	short	6.192502791155174	10.183349291155174	TP
1778201700000	short	3.817769227004039	7.809368727004039	TP
1778222100000	short	3.5086510582437915	7.486257058243791	TP
1778225400000	short	4.522645305236516	8.497087805236516	TP
1778244300000	long	5.065510508224162	9.069853008224163	TP
1778247000000	short	8.245260799710636	12.234644299710636	TP
1778254200000	short	12.562915339041481	16.55649333904148	TP
1778309700000	short	1.1744598337258765	5.187655833725876	TP
1778359800000	long	0.3598990811523839	4.399071581152384	TP
1778365500000	long	-7.645991543978895	-3.6080535439788948	SL
1778370300000	short	0.07571882564998411	4.111083825649985	TP
1778371500000	short	0.32688471325446145	4.3603847132544615	TP
1778376300000	short	-8.884011649153798	-4.853833149153798	SL
1778394600000	short	-7.466574306724157	-3.433267306724156	SL
1778424000000	long	0.1902834973297951	4.234976997329795	TP
1778446800000	short	12.357734889480835	16.397634889480834	TP
1778458500000	long	15.116252965415164	19.195241465415165	TP
1778510100000	short	12.63471507390073	16.67822907390073	TP
1778538300000	long	5.44408028483356	9.53058028483356	TP
1778540700000	long	-12.627430901828003	-8.541994901828003	SL
1778545800000	short	3.778891499432259	7.858267499432259	TP
1778550600000	short	-10.90793250000105	-6.848000000001048	Timeout
1778568300000	short	1.7730981991624821	5.828511699162482	TP
1778572200000	short	4.519659358785871	8.567683358785871	TP
1778573100000	short	4.754064399143949	8.799063899143949	TP
1778573700000	short	5.023307229363644	9.066136729363643	TP
1778578200000	short	4.344246567757585	8.391840067757585	TP
1778582100000	short	4.007274953864398	8.042274953864398	TP
1778594400000	short	8.273693951086873	12.301193451086874	TP
1778599800000	short	12.38324553452916	16.40540003452916	TP
1778622000000	short	1.7999819703451312	5.829164470345131	TP
1778622600000	short	-10.076027048409419	-6.048728548409418	SL
1778631300000	short	3.361219762075425	7.391619762075425	TP
1778650200000	long	1.3850321871765168	5.438668187176518	TP
1778667000000	long	2.099853970118482	6.155201470118482	TP
1778710200000	short	4.036145506093439	8.006617006093439	TP
1778729100000	short	8.327887563743152	12.293687563743152	TP
1778745600000	long	3.8979981796864864	7.881783679686487	TP
1778751600000	short	3.9305701537703075	7.9137731537703075	TP
1778752500000	short	-11.69238519053707	-7.71060919053707	SL
1778760000000	short	5.553641245467141	9.52218574546714	TP
1778786700000	long	11.055392696954435	15.122851196954436	TP
1778799600000	long	3.2054681010099175	7.272135101009917	TP
1778803200000	short	3.0413888881490863	7.098695888149087	TP
1778810400000	short	9.18850728748416	13.24736578748416	TP
1778812800000	short	10.390458100789132	14.444858100789133	TP
1778821200000	short	6.799820084275537	10.842319584275538	TP
1778833800000	short	6.494095286344696	10.523951786344696	TP
1778837100000	short	5.101413209441468	9.130100709441468	TP
1778937300000	short	3.0217319039097745	6.921130403909775	TP
1778976000000	short	-0.046555858492897784	3.8648941415071025	TP
1778979900000	short	3.2350044526104256	7.137693952610426	TP
1779055200000	long	-11.40798428834071	-7.493542788340711	SL
1779057000000	short	6.296297167924977	10.202021167924977	TP
1779072900000	short	-17.179608508128165	-13.337838008128166	SL
1779084600000	short	6.2658202094122695	10.11041120941227	TP
1779112200000	short	13.103456692362206	16.955671192362207	TP
1779112800000	short	12.878252936271378	16.72558893627138	TP
1779128700000	short	8.375209959825348	12.192946959825349	TP
1779148800000	long	3.5473629147232373	7.396435414723237	TP
1779153300000	long	5.224973037804165	9.074124537804165	TP
1779154800000	short	7.096847466172541	10.939691966172541	TP
1779168300000	short	4.430735280844793	8.271626280844794	TP
1779191100000	short	5.060169364478156	8.897214864478157	TP
1779197400000	short	6.577312335260789	10.421668835260789	TP
1779229800000	short	2.6968047360961265	6.536361236096127	TP
1779240600000	short	6.388488436090864	10.220875436090864	TP
1779340200000	long	2.55009153496891	6.44571853496891	TP
1779344400000	short	3.058341878865531	6.949191878865531	TP
1779358500000	short	1.9455788709325517	5.828857870932552	TP
1779366600000	short	4.779623777186085	8.643493777186086	TP
1779371400000	short	10.341873587111172	14.195782587111172	TP
1779389700000	short	11.776862016431103	15.646249016431103	TP
1779407700000	long	2.1111751619969854	5.991951161996986	TP
1779409200000	short	2.8632981596785965	6.740125659678597	TP
1779424500000	long	1.685046524445037	5.570046024445038	TP
1779432000000	short	1.7752171656406102	5.64928816564061	TP
1779439200000	short	3.824695081490845	7.690915581490845	TP
1779448800000	short	0.9938632468434507	4.856450246843451	TP
1779463500000	short	9.167081836109793	13.012729836109793	TP
1779494700000	short	6.277709255039668	10.057896255039669	TP
1779498000000	short	6.825070449262439	10.59865844926244	TP
1779521700000	short	1.5111134438804688	5.278386943880469	TP
1779589200000	long	3.209738410476865	7.046965910476866	TP
1779593700000	long	1.9953957837775347	5.835595783777535	TP
1779594900000	long	1.8632975109459955	5.700797510945995	TP
1779599100000	long	-8.417921675243928	-4.580395675243927	SL
1779624900000	long	3.2534331303708828	7.108406630370883	TP
1779630000000	short	2.988145311308505	6.8371503113085055	TP
1779638400000	short	5.560746807795493	9.389180807795492	TP
1779674100000	long	6.3173666418993975	10.164630141899398	TP
1779680700000	long	2.3425844999997087	6.194999999999709	Timeout
1779693300000	long	4.832366022513621	8.694866522513621	TP
1779706800000	long	1.6559720712374664	5.528297071237467	TP
1779709500000	long	0.9410968157901847	4.812529815790185	TP
1779711000000	short	-8.909770151555104	-5.041503651555104	SL
1779735000000	long	0.7863138284649698	4.66465132846497	TP
1779750000000	short	4.479513237086751	8.33885973708675	TP
1779802800000	short	-14.245248185982625	-10.399947685982625	SL
1779810900000	short	17.87457403513332	21.700479035133323	TP
1779834600000	short	4.319464058263927	8.112526558263927	TP
1779836400000	short	4.562374518001127	8.356399518001126	TP
1779854700000	short	3.0008266986137473	6.785825198613748	TP
1779872700000	short	2.5648853621712417	6.354785362171242	TP
1779873600000	short	2.6097390177447033	6.401393017744704	TP
1779884100000	short	4.077312404338996	7.869217404338997	TP
1779890400000	short	11.729467633526099	15.490405633526098	TP
1779892200000	short	13.76515970010001	17.51582370010001	TP
1779903900000	short	9.208897725272845	12.955598225272844	TP
1779923700000	short	8.19570509552164	11.92124309552164	TP
1779925200000	short	-15.319254875679412	-11.600371875679413	SL
1779931800000	short	9.5875453315902	13.3052898315902	TP
1779950700000	short	7.97960080780239	11.636862807802391	TP
1779976500000	short	8.339978414486012	11.991079414486013	TP
1779998100000	long	-12.596472241172844	-8.925506241172844	SL
1780007100000	long	4.589438743843733	8.270139243843733	TP
1780017600000	long	4.480054907718804	8.160607907718804	TP
1780028100000	short	-10.91419784749123	-7.25131634749123	SL
1780041300000	short	3.757669216221563	7.434097216221563	TP
1780061700000	short	7.033301695605427	10.694216695605428	TP
1780063800000	short	8.805595579366353	12.456285079366353	TP
1780092900000	short	4.358326503552259	8.03282150355226	TP
1780140300000	long	-0.8027142700645258	2.8764357299354746	TP
1780162200000	long	2.30532903440838	5.99832903440838	TP
1780171200000	long	0.7148178831389416	4.4117183831389415	TP
1780177500000	long	-0.49125469938179833	3.206386800618202	TP
1780179600000	short	0.21933064005155334	3.914022640051553	TP
1780184400000	short	-7.881466632973888	-4.191549132973887	SL
1780214400000	short	0.35645611577337144	4.053623115773371	TP
1780236300000	short	1.1257524636052203	4.81875296360522	TP
1780244700000	short	2.600830581107159	6.281348581107159	TP
1780245300000	short	4.037803623504727	7.714203623504727	TP
1780271100000	short	6.640624028984329	10.32423652898433	TP
1780279500000	short	8.007328741166043	11.683328741166044	TP
1780296300000	short	5.627712398483872	9.286900898483873	TP
1780302600000	short	7.18310908742793	10.82447358742793	TP
1780320600000	short	12.833128672960981	16.43122817296098	TP
1780322400000	short	17.884481583868247	21.478481083868246	TP
1780327800000	short	15.76084608650693	19.32974608650693	TP
1780352100000	short	7.437330730595107	10.995960730595108	TP
1780367100000	short	14.823418085253007	18.363793585253006	TP
1780376700000	short	-15.490820876535668	-11.956720376535669	SL
1780385400000	short	13.67746651501664	17.18304401501664	TP
1780394400000	short	10.391746176387127	13.867846676387126	TP
1780402800000	short	9.086247632975294	12.556621632975293	TP
1780404000000	short	9.275192884511943	12.735968384511944	TP
1780405200000	short	9.63014379482572	13.08544429482572	TP
1780406400000	short	10.086008478147852	13.539108978147851	TP
1780438800000	short	16.313218530542276	19.681718530542277	TP
1780443000000	short	22.913584439904593	26.240984939904592	TP
1780451100000	short	-21.55509948438804	-18.22339898438804	SL
1780459200000	short	21.363743463256238	24.688543963256237	TP
1780487100000	long	-14.00852526396231	-10.65377226396231	SL
1780489500000	short	8.99995435553696	12.35155485553696	TP
1780500300000	short	15.807381350464	19.137268350464	TP
1780531200000	short	19.156036392500503	22.373593892500505	TP
1780539000000	short	37.93945229955	41.05955879955	TP
1780557900000	short	-22.90326153446151	-19.71846103446151	SL
1780560900000	short	19.941547925469784	23.118355425469783	TP
1780566300000	short	18.966519652686205	22.120418652686205	TP
1780569000000	short	19.924029518683156	23.059521018683157	TP
1780639500000	short	25.31560733944077	28.43780733944077	TP
1780641600000	short	32.6308861421793	35.7381916421793	TP
1780659900000	short	16.29046843968234	19.399926939682338	TP
1780661100000	short	19.453979708357515	22.556332708357516	TP
1780662900000	short	24.309605740451314	27.406228240451313	TP
1780675800000	short	39.266496182412425	42.31137768241243	TP
1780684500000	short	23.500074372451426	26.515572372451427	TP
1780712400000	short	-21.731249320354124	-18.688231820354122	SL
1780716900000	short	-20.209336261905378	-17.177736261905377	SL
1780721400000	short	23.288099727466204	26.301464227466205	TP
1780758300000	short	10.84815721205529	13.884157212055289	TP
1780770000000	short	-15.853290862382432	-12.827509862382431	SL
1780833900000	long	9.169380216859354	12.290870716859354	TP
1780862400000	short	13.108854854807738	16.183625354807738	TP
1780891200000	long	11.121832126441383	14.270832126441384	TP
1780894800000	short	10.528542666897213	13.666142666897214	TP
1780895700000	short	11.41792893993146	14.550628439931462	TP
1780896300000	short	11.148436767083773	14.284536767083774	TP
1780897800000	short	11.540441828458478	14.677192328458478	TP
1780920300000	short	16.967426243297204	20.118825743297204	TP
1780950600000	short	-14.454503686401331	-11.291704186401331	SL
1780957200000	short	-12.565301500000322	-9.398000000000321	Timeout
1780960800000	short	10.804397250136972	13.964397250136972	TP
1780990200000	short	8.22478693720063	11.38261943720063	TP
1781004000000	short	7.182138022106011	10.312449022106012	TP
1781012400000	short	11.565070071112551	14.686770071112552	TP
1781023200000	short	20.21191953868196	23.27422003868196	TP
1781058300000	short	11.141276586866047	14.215876086866047	TP
1781060400000	short	-16.565126968383808	-13.495527468383807	SL
1781066700000	short	8.00972975791737	11.07673025791737	TP
1781089500000	short	11.779057246668536	14.833830746668538	TP
1781091000000	short	-18.622009830827146	-15.572116830827145	SL
1781109900000	long	18.086075272436624	21.185331772436623	TP
1781112300000	long	16.888165922019734	19.983338422019735	TP
1781113800000	long	17.673147371435693	20.767790371435694	TP
1781181300000	short	-16.247905290774437	-13.108767790774436	SL
1781209500000	long	6.180606000000524	9.349000000000524	Timeout
1781218800000	long	4.915526961979775	8.086825961979775	TP
1781247600000	short	6.596623212804056	9.751514712804056	TP
1781249700000	short	5.934211630702671	9.087705130702671	TP
1781267400000	short	5.851206392248324	9.029068892248324	TP
1781268300000	short	6.610248316424769	9.78512731642477	TP
1781294400000	short	5.939863488864054	9.122663488864054	TP
1781298300000	short	4.619583502507842	7.7977750025078425	TP
1781344200000	long	-1.1881000000000004	2.0	Timeout
1781366400000	long	4.009079110551016	7.212193110551016	TP
1781429100000	short	-7.4879230614517125	-4.270223561451712	SL
1781438700000	long	1.3455634472013105	4.570095447201311	TP
1781449200000	short	5.387996923712299	8.594772923712299	TP
1781456400000	short	4.097647899541883	7.298137399541884	TP
1781485200000	long	10.593798245544999	13.862277745544999	TP
1781508900000	long	-11.659988138899251	-8.372035638899252	SL
1781510100000	long	5.251714698943847	8.535452698943846	TP
1781513400000	long	4.395482009493957	7.678682509493957	TP
1781516400000	short	-10.60254139407205	-7.32394189407205	SL
1781532000000	long	11.074882382703958	14.392682882703959	TP
1781542800000	long	9.489846045658005	12.832945545658005	TP
1781559000000	short	5.659480666829796	8.981880166829797	TP
1781560800000	short	4.7067224467559186	8.028876946755918	TP
1781580300000	short	7.493045964907958	10.792068964907958	TP
1781607900000	long	-12.8688997434524	-9.544400243452401	SL
1781615700000	short	8.648440484491438	11.96113348449144	TP
1781617200000	short	-16.548687937453778	-13.242241437453778	SL
1781637600000	short	7.278243186771986	10.563343686771987	TP
1781639700000	short	6.590177592968155	9.873971592968156	TP
1781677800000	short	4.158393521925284	7.4442935219252835	TP
1781679900000	short	3.859851684500185	7.142652184500185	TP
1781682000000	short	3.9305312436793507	7.2075362436793515	TP
1781682900000	short	6.642364696560929	9.919339696560929	TP
1781699400000	short	5.866108799913992	9.105108299913992	TP
1781719500000	short	19.86231135384417	23.13621235384417	TP
1781732700000	short	11.830997557991964	15.041696557991964	TP
1781779800000	short	5.29560920572653	8.50366120572653	TP
1781781900000	short	5.812788513362646	9.016288013362646	TP
1781790300000	short	8.8699937056916	12.0754932056916	TP
1781794500000	short	16.234292096813164	19.425122596813164	TP
1781803500000	short	15.312781546065072	18.441932546065072	TP
1781839200000	short	8.174944368079823	11.317243868079823	TP
1781845200000	short	7.948064181487787	11.078163681487787	TP
1781855400000	short	-12.047935588005814	-8.916848588005815	SL
1781861400000	short	5.689953444133408	8.812253944133408	TP
1781887800000	long	7.808598251716896	10.961202251716896	TP
1781922900000	long	3.5426345691433294	6.712403069143329	TP
1781942100000	long	2.543593261189966	5.726353761189967	TP
1781976900000	long	7.060485825455806	10.251885325455806	TP
1782017400000	long	2.6564719034598556	5.873171403459856	TP
1782020700000	long	-8.262338083339017	-5.049538583339018	SL
1782027000000	short	0.2962474321987085	3.507873932198709	TP
1782080100000	short	-14.583800499999796	-11.398999999999797	Timeout
1782086400000	short	8.48700311799903	11.658701617999032	TP
1782097200000	long	-17.710013823779015	-14.502556823779015	SL
1782100200000	long	-17.460206926397206	-14.253806426397205	SL
1782100800000	short	-3.090555500000146	0.10999999999985449	Timeout
1782157800000	short	5.701562026212537	8.924323526212538	TP
1782165300000	short	4.0017233143558695	7.2177518143558705	TP
1782169200000	short	7.901656648961863	11.101256648961863	TP
1782174600000	short	5.706154223424825	8.906653723424824	TP
1782204600000	short	-9.075024500000408	-5.952000000000408	Timeout
1782221400000	short	-14.850745113853268	-11.735045113853268	SL
1782269700000	short	6.925043024432177	10.056543024432177	TP
1782347700000	long	-13.002450223970428	-9.958428723970428	SL
1782379200000	long	3.7228603275316017	6.805861327531602	TP
1782385800000	short	6.236605378921919	9.304505878921919	TP
1782390600000	short	-17.62227468099696	-14.55327418099696	SL
1782441000000	short	18.139867592243156	21.087240092243157	TP
1782474900000	short	-16.078883960114315	-13.108221960114316	SL
1782477900000	short	-24.29814515703477	-21.336745657034772	SL
1782479400000	short	17.892179167455097	20.8468741674551	TP
1782480600000	short	-27.283405698476646	-24.331042198476645	SL
1782498600000	short	11.62701209761408	14.620312097614079	TP
1782537900000	long	3.5363135277210156	6.544514027721016	TP
1782540000000	long	-8.6872384011437	-5.677737901143701	SL
1782579900000	short	5.884028782894802	8.910537282894802	TP
1782591300000	short	-3.2783610000001455	-0.2650000000001455	Timeout
1782627300000	short	4.1531680977151275	7.149556597715128	TP
1782652200000	short	5.866594462002862	8.872814462002863	TP
1782658500000	short	4.542842710000487	7.544492710000487	TP
1782659400000	short	6.24076776088604	9.24487226088604	TP
1782663300000	short	6.382532146203344	9.375832646203344	TP
1782666300000	short	7.324694075377875	10.312383075377875	TP
1782672600000	short	5.293860159618546	8.271398159618547	TP
1782699300000	short	-21.471560907930034	-18.514760907930032	SL
1782720600000	long	6.422219561897102	9.420219561897103	TP
1782732600000	long	6.513009682945842	9.511309182945842	TP
1782741300000	short	19.60191061109299	22.58091061109299	TP
1782773700000	long	3.5472471886977583	6.564862688697758	TP
1782777300000	short	2.62363474705382	5.636645247053821	TP
1782793800000	short	5.820775238343993	8.803975238343993	TP
1782795600000	short	5.556255643550625	8.531891643550626	TP
1782809400000	short	5.434250846278956	8.402184346278956	TP
1782819600000	short	-9.97791584842417	-7.015458848424169	SL
1782868500000	short	10.96321968614031	13.87779268614031	TP
1782885600000	long	5.701044377389481	8.651644877389481	TP
1782902700000	short	4.746999241803467	7.6807777418034675	TP
1782904200000	short	4.669635293284676	7.604935793284676	TP
1782908100000	short	6.048459725196086	8.975449725196086	TP
1782910500000	short	6.513771587515123	9.440672087515123	TP
1782935700000	long	6.854100029350943	9.855533529350943	TP
1783088100000	short	-14.178905363895776	-11.088406363895775	SL
1783089000000	long	8.04597141161788	11.139370911617881	TP
1783126800000	long	5.06296872610598	8.19130372610598	TP
1783196700000	long	4.6496251920161065	7.808225192016107	TP
1783253400000	short	-8.101652624573996	-4.9706526245739955	SL
1783269000000	short	2.92181879866249	6.05451929866249	TP
1783285800000	short	1.6635720782109846	4.800486578210985	TP
1783297500000	long	9.799348372618518	12.970248372618517	TP
1783303500000	long	8.943680655869471	12.117594655869471	TP
1783305000000	long	8.593232394987172	11.768772394987174	TP
1783316100000	short	6.012723826912584	9.168196326912584	TP
1783332000000	short	3.6126543514641836	6.751830851464184	TP
1783345200000	short	14.687734744409891	17.77002774440989	TP
1783368000000	long	6.744773071392318	9.924673071392318	TP
1783380000000	long	-9.805401	-6.6000000000000005	Timeout
1783382100000	long	5.272464390772477	8.474565390772478	TP
1783384500000	long	6.18098673522194	9.38360273522194	TP
1783386000000	long	7.606117049385684	10.802717049385684	TP
1783402200000	short	6.882386670822936	10.038637670822936	TP
1783431000000	short	7.836817823783493	10.995834323783493	TP
1783431600000	short	8.781754340405744	11.940341840405745	TP
1783468800000	short	5.026597036484041	8.197896536484041	TP
1783478400000	short	11.600116920468723	14.748716920468723	TP
1783486200000	short	-12.524782471814147	-9.388683471814147	SL
1783491600000	short	5.650838295620536	8.784828295620537	TP
1783503000000	short	12.976497382871107	16.085497382871107	TP
1783515900000	short	6.941645175935575	10.041409675935576	TP
1783517400000	short	7.349811308381904	10.451710808381904	TP
1783518900000	short	10.761688034539752	13.858962534539751	TP
1783523700000	short	-4.762059499999884	-1.6779999999998836	Timeout
1783524300000	short	-18.549870034932958	-15.468469534932957	SL
1783590000000	long	6.441495688502078	9.581695688502078	TP
1783598400000	long	4.692676534679462	7.827676034679462	TP
1783643700000	short	6.269495281293849	9.424695781293849	TP
1783664400000	long	-10.484285271669838	-7.288186271669838	SL
1783693500000	short	-16.164437846788097	-12.957649346788095	SL
1783709700000	short	-11.046030184588862	-7.855530184588861	SL
1783762800000	long	0.37140015959236417	3.5808591595923644	TP
1783817400000	short	-12.10779005100808	-8.91615155100808	SL
1783848300000	short	-8.275600318018515	-5.0841933180185155	SL
1783872600000	long	2.5800951743232545	5.783156674323255	TP
1783890900000	long	-0.3130959386182086	2.8947655613817918	TP
1783918800000	short	8.172232176224801	11.309432176224801	TP
1783920600000	short	8.88015349262631	12.01819049262631	TP
1783949400000	short	5.648892521260146	8.784527021260146	TP
1783983600000	short	4.257588032216353	7.355852032216354	TP
1783995900000	long	4.730921807563846	7.850121807563847	TP
1783998600000	long	4.618659427916615	7.738353927916615	TP
1784009100000	long	2.5509731210760065	5.683897121076007	TP
1784049300000	long	11.903079497575417	15.125880497575418	TP
1784059500000	long	-10.93342329951355	-7.7084237995135485	SL
1784067000000	long	3.7058009708766133	6.932700970876613	TP
1784084400000	short	2.1390977566914757	5.366530256691476	TP
1784091900000	long	-9.516111527422408	-6.282112027422409	SL
1784102400000	short	5.7848048894194815	9.018827889419482	TP
1784131500000	long	-17.577414733274363	-14.318214733274363	SL
1784133900000	short	-6.274664000000321	-3.0230000000003203	Timeout
1784153700000	short	-8.54841788398394	-5.307517383983941	SL
1784159400000	short	2.3138517326397796	5.5534297326397795	TP
1784164800000	short	4.296307334040826	7.521624334040826	TP
1784190600000	short	-13.6759153504325	-10.466013850432502	SL
1784192100000	short	0.18265749999994174	3.388999999999942	Timeout
1784194200000	short	-11.937648000000175	-8.733000000000175	Timeout
1784218500000	long	8.948228592788132	12.172522092788132	TP
1784241000000	short	2.861248169237054	6.067090169237054	TP
1784254200000	short	7.834635210575579	11.015549710575579	TP
1784275200000	short	4.671129258723347	7.813129258723348	TP
1784295900000	short	8.637392085594849	11.775506585594849	TP
1784331900000	long	0.7535071718734505	3.9508621718734505	TP
1784346000000	long	-0.5668671959823297	2.6297323040176708	TP
1784365200000	long	-1.4391642228447301	1.7598057771552704	TP
1784387400000	long	0.059128887992788925	3.263897887992789	TP
1784388300000	long	-6.462971221545484	-3.258970721545484	SL
1784455200000	short	0.48799273703802504	3.7161917370380255	TP
1784463600000	short	0.9976876107552486	4.219287110755249	TP
1784464500000	short	2.292158942539735	5.512947442539735	TP
1784467200000	short	-8.762879777474122	-5.545124777474121	SL
1784497500000	short	0.9028196058997131	4.122819605899713	TP
1784556000000	short	12.208001772710606	15.429396772710607	TP
1784557200000	short	13.181076947766135	16.398276947766135	TP
